34
EPI_ISL_20212945 0.0000000 0.0030347 0.0012113 0.0012113 0.0012111 0.0012113 0.0018178 0.0018192 0.0012113 0.0018181 0.0030327 0.0012111 0.0018178 0.0024250 0.0012113 0.0024256 0.0024246 0.0018200 0.0024250 0.0018181 0.0018185 0.0024266 0.0006048 0.0036458 0.0018176 0.0030327 0.0018171 0.0018171 0.0024244 0.0018176 0.0018181 0.0012110 0.0024248 0.0018176 
EPI_ISL_20212955 0.0030347 0.0000000 0.0030347 0.0030347 0.0030341 0.0030347 0.0036433 0.0036461 0.0030347 0.0036439 0.0048625 0.0030341 0.0036433 0.0042528 0.0030347 0.0042539 0.0042521 0.0036477 0.0042528 0.0036439 0.0036447 0.0042556 0.0024262 0.0054799 0.0036430 0.0048625 0.0036420 0.0036420 0.0042517 0.0036430 0.0036439 0.0030339 0.0042524 0.0036430 
EPI_ISL_20212992 0.0012113 0.0030347 0.0000000 0.0012113 0.0012111 0.0012113 0.0018178 0.0018192 0.0012113 0.0018181 0.0030327 0.0012111 0.0018178 0.0024250 0.0012113 0.0024256 0.0024246 0.0018200 0.0024250 0.0018181 0.0018185 0.0024266 0.0006048 0.0036458 0.0018176 0.0030327 0.0018171 0.0018171 0.0024244 0.0006048 0.0018181 0.0012110 0.0024248 0.0018176 
EPI_ISL_20249456 0.0012113 0.0030347 0.0012113 0.0000000 0.0012111 0.0000010 0.0018178 0.0018192 0.0012113 0.0006049 0.0030327 0.0012111 0.0018178 0.0024250 0.0012113 0.0012116 0.0024246 0.0006056 0.0024250 0.0006049 0.0018185 0.0012121 0.0006048 0.0024281 0.0018176 0.0030327 0.0018171 0.0018171 0.0024244 0.0018176 0.0006049 0.0012110 0.0012112 0.0018176 
EPI_ISL_20249457 0.0012111 0.0030341 0.0012111 0.0012111 0.0000000 0.0012111 0.0018175 0.0018189 0.0012111 0.0018178 0.0030322 0.0000010 0.0018175 0.0024246 0.0012111 0.0024252 0.0024242 0.0018197 0.0024246 0.0018178 0.0006050 0.0024262 0.0006047 0.0036452 0.0018173 0.0030322 0.0018168 0.0018168 0.0024240 0.0018173 0.0018178 0.0012108 0.0024244 0.0018173 
EPI_ISL_20249459 0.0012113 0.0030347 0.0012113 0.0000010 0.0012111 0.0000000 0.0018178 0.0018192 0.0012113 0.0006049 0.0030327 0.0012111 0.0018178 0.0024250 0.0012113 0.0012116 0.0024246 0.0006056 0.0024250 0.0006049 0.0018185 0.0012121 0.0006048 0.0024281 0.0018176 0.0030327 0.0018171 0.0018171 0.0024244 0.0018176 0.0006049 0.0012110 0.0012112 0.0018176 
EPI_ISL_20258550 0.0018178 0.0036433 0.0018178 0.0018178 0.0018175 0.0018178 0.0000000 0.0024267 0.0018178 0.0024252 0.0036409 0.0018175 0.0000010 0.0030327 0.0018178 0.0030335 0.0030322 0.0024278 0.0030327 0.0024252 0.0024258 0.0030347 0.0012111 0.0042554 0.0024246 0.0036409 0.0024240 0.0024240 0.0030319 0.0024246 0.0024252 0.0018173 0.0030324 0.0024246 
EPI_ISL_20258554 0.0018192 0.0036461 0.0018192 0.0018192 0.0018189 0.0018192 0.0024267 0.0000000 0.0018192 0.0024271 0.0036438 0.0018189 0.0024267 0.0030351 0.0018192 0.0030359 0.0030346 0.0024297 0.0030351 0.0024271 0.0024277 0.0030371 0.0012120 0.0042588 0.0024265 0.0036438 0.0024259 0.0024259 0.0030343 0.0024265 0.0024271 0.0018187 0.0030348 0.0024265 
EPI_ISL_20258556 0.0012113 0.0030347 0.0012113 0.0012113 0.0012111 0.0012113 0.0018178 0.0018192 0.0000000 0.0018181 0.0030327 0.0012111 0.0018178 0.0024250 0.0000010 0.0024256 0.0024246 0.0018200 0.0024250 0.0018181 0.0018185 0.0024266 0.0006048 0.0036458 0.0006048 0.0030327 0.0018171 0.0018171 0.0024244 0.0018176 0.0018181 0.0012110 0.0024248 0.0006048 
EPI_ISL_20258558 0.0018181 0.0036439 0.0018181 0.0006049 0.0018178 0.0006049 0.0024252 0.0024271 0.0018181 0.0000000 0.0036415 0.0018178 0.0024252 0.0030332 0.0018181 0.0018185 0.0030327 0.0012129 0.0030332 0.0012116 0.0024262 0.0018193 0.0012113 0.0030370 0.0024250 0.0036415 0.0024244 0.0024244 0.0030324 0.0024250 0.0012116 0.0018176 0.0018179 0.0024250 
EPI_ISL_20258567 0.0030327 0.0048625 0.0030327 0.0030327 0.0030322 0.0030327 0.0036409 0.0036438 0.0030327 0.0036415 0.0000000 0.0030322 0.0036409 0.0042500 0.0030327 0.0030335 0.0042493 0.0036454 0.0042500 0.0036415 0.0036423 0.0042529 0.0024246 0.0048655 0.0036406 0.0048593 0.0036397 0.0036397 0.0042489 0.0036406 0.0036415 0.0030319 0.0042497 0.0036406 
EPI_ISL_20258571 0.0012111 0.0030341 0.0012111 0.0012111 0.0000010 0.0012111 0.0018175 0.0018189 0.0012111 0.0018178 0.0030322 0.0000000 0.0018175 0.0024246 0.0012111 0.0024252 0.0024242 0.0018197 0.0024246 0.0018178 0.0006050 0.0024262 0.0006047 0.0036452 0.0018173 0.0030322 0.0018168 0.0018168 0.0024240 0.0018173 0.0018178 0.0012108 0.0024244 0.0018173 
EPI_ISL_20258572 0.0018178 0.0036433 0.0018178 0.0018178 0.0018175 0.0018178 0.0000010 0.0024267 0.0018178 0.0024252 0.0036409 0.0018175 0.0000000 0.0030327 0.0018178 0.0030335 0.0030322 0.0024278 0.0030327 0.0024252 0.0024258 0.0030347 0.0012111 0.0042554 0.0024246 0.0036409 0.0024240 0.0024240 0.0030319 0.0024246 0.0024252 0.0018173 0.0030324 0.0024246 
EPI_ISL_20258581 0.0024250 0.0042528 0.0024250 0.0024250 0.0024246 0.0024250 0.0030327 0.0030351 0.0024250 0.0030332 0.0042500 0.0024246 0.0030327 0.0000000 0.0024250 0.0036422 0.0036406 0.0030364 0.0000010 0.0030332 0.0030339 0.0036437 0.0018176 0.0048659 0.0030324 0.0042500 0.0030317 0.0030317 0.0024244 0.0030324 0.0030332 0.0024244 0.0036409 0.0030324 
EPI_ISL_20258600 0.0012113 0.0030347 0.0012113 0.0012113 0.0012111 0.0012113 0.0018178 0.0018192 0.0000010 0.0018181 0.0030327 0.0012111 0.0018178 0.0024250 0.0000000 0.0024256 0.0024246 0.0018200 0.0024250 0.0018181 0.0018185 0.0024266 0.0006048 0.0036458 0.0006048 0.0030327 0.0018171 0.0018171 0.0024244 0.0018176 0.0018181 0.0012110 0.0024248 0.0006048 
EPI_ISL_20258605 0.0024256 0.0042539 0.0024256 0.0012116 0.0024252 0.0012116 0.0030335 0.0030359 0.0024256 0.0018185 0.0030335 0.0024252 0.0030335 0.0036422 0.0024256 0.0000000 0.0036415 0.0018204 0.0036422 0.0018185 0.0030346 0.0024273 0.0018181 0.0036468 0.0030332 0.0042511 0.0030324 0.0030324 0.0036412 0.0030332 0.0018185 0.0024250 0.0024254 0.0030332 
EPI_ISL_20258607 0.0024246 0.0042521 0.0024246 0.0024246 0.0024242 0.0024246 0.0030322 0.0030346 0.0024246 0.0030327 0.0042493 0.0024242 0.0030322 0.0036406 0.0024246 0.0036415 0.0000000 0.0030359 0.0036406 0.0030327 0.0030334 0.0036430 0.0018173 0.0048650 0.0030319 0.0042493 0.0030312 0.0030312 0.0036397 0.0030319 0.0030327 0.0024240 0.0036403 0.0030319 
EPI_ISL_20258621 0.0018200 0.0036477 0.0018200 0.0006056 0.0018197 0.0006056 0.0024278 0.0024297 0.0018200 0.0012129 0.0036454 0.0018197 0.0024278 0.0030364 0.0018200 0.0018204 0.0030359 0.0000000 0.0030364 0.0000010 0.0024287 0.0018212 0.0012125 0.0030402 0.0024276 0.0036454 0.0024270 0.0024270 0.0030356 0.0024276 0.0012129 0.0018195 0.0018198 0.0024276 
EPI_ISL_20258629 0.0024250 0.0042528 0.0024250 0.0024250 0.0024246 0.0024250 0.0030327 0.0030351 0.0024250 0.0030332 0.0042500 0.0024246 0.0030327 0.0000010 0.0024250 0.0036422 0.0036406 0.0030364 0.0000000 0.0030332 0.0030339 0.0036437 0.0018176 0.0048659 0.0030324 0.0042500 0.0030317 0.0030317 0.0024244 0.0030324 0.0030332 0.0024244 0.0036409 0.0030324 
EPI_ISL_20266586 0.0018181 0.0036439 0.0018181 0.0006049 0.0018178 0.0006049 0.0024252 0.0024271 0.0018181 0.0012116 0.0036415 0.0018178 0.0024252 0.0030332 0.0018181 0.0018185 0.0030327 0.0000010 0.0030332 0.0000000 0.0024262 0.0018193 0.0012113 0.0030370 0.0024250 0.0036415 0.0024244 0.0024244 0.0030324 0.0024250 0.0012116 0.0018176 0.0018179 0.0024250 
EPI_ISL_20266591 0.0018185 0.0036447 0.0018185 0.0018185 0.0006050 0.0018185 0.0024258 0.0024277 0.0018185 0.0024262 0.0036423 0.0006050 0.0024258 0.0030339 0.0018185 0.0030346 0.0030334 0.0024287 0.0030339 0.0024262 0.0000000 0.0030359 0.0012115 0.0042571 0.0024256 0.0036423 0.0024249 0.0024249 0.0030331 0.0024256 0.0024262 0.0018180 0.0030336 0.0024256 
EPI_ISL_20266592 0.0024266 0.0042556 0.0024266 0.0012121 0.0024262 0.0012121 0.0030347 0.0030371 0.0024266 0.0018193 0.0042529 0.0024262 0.0030347 0.0036437 0.0024266 0.0024273 0.0036430 0.0018212 0.0036437 0.0018193 0.0030359 0.0000000 0.0018188 0.0036483 0.0030345 0.0042529 0.0030337 0.0030337 0.0036427 0.0030345 0.0018193 0.0024260 0.0024264 0.0030345 
EPI_ISL_20289536 0.0006048 0.0024262 0.0006048 0.0006048 0.0006047 0.0006048 0.0012111 0.0012120 0.0006048 0.0012113 0.0024246 0.0006047 0.0012111 0.0018176 0.0006048 0.0018181 0.0018173 0.0012125 0.0018176 0.0012113 0.0012115 0.0018188 0.0000000 0.0030363 0.0012110 0.0024246 0.0012107 0.0012107 0.0018171 0.0012110 0.0012113 0.0006046 0.0018175 0.0012110 
EPI_ISL_20289556 0.0036458 0.0054799 0.0036458 0.0024281 0.0036452 0.0024281 0.0042554 0.0042588 0.0036458 0.0030370 0.0048655 0.0036452 0.0042554 0.0048659 0.0036458 0.0036468 0.0048650 0.0030402 0.0048659 0.0030370 0.0042571 0.0036483 0.0030363 0.0000000 0.0042550 0.0054764 0.0042540 0.0042540 0.0048646 0.0042550 0.0030370 0.0036449 0.0036455 0.0042550 
EPI_ISL_20289568 0.0018176 0.0036430 0.0018176 0.0018176 0.0018173 0.0018176 0.0024246 0.0024265 0.0006048 0.0024250 0.0036406 0.0018173 0.0024246 0.0030324 0.0006048 0.0030332 0.0030319 0.0024276 0.0030324 0.0024250 0.0024256 0.0030345 0.0012110 0.0042550 0.0000000 0.0036406 0.0024238 0.0024238 0.0030317 0.0024244 0.0024250 0.0018171 0.0030322 0.0012110 
EPI_ISL_20289575 0.0030327 0.0048625 0.0030327 0.0030327 0.0030322 0.0030327 0.0036409 0.0036438 0.0030327 0.0036415 0.0048593 0.0030322 0.0036409 0.0042500 0.0030327 0.0042511 0.0042493 0.0036454 0.0042500 0.0036415 0.0036423 0.0042529 0.0024246 0.0054764 0.0036406 0.0000000 0.0036397 0.0036397 0.0042489 0.0036406 0.0036415 0.0030319 0.0042497 0.0036406 
EPI_ISL_20289583 0.0018171 0.0036420 0.0018171 0.0018171 0.0018168 0.0018171 0.0024240 0.0024259 0.0018171 0.0024244 0.0036397 0.0018168 0.0024240 0.0030317 0.0018171 0.0030324 0.0030312 0.0024270 0.0030317 0.0024244 0.0024249 0.0030337 0.0012107 0.0042540 0.0024238 0.0036397 0.0000000 0.0000010 0.0006045 0.0024238 0.0024244 0.0018167 0.0030314 0.0024238 
EPI_ISL_20289688 0.0018171 0.0036420 0.0018171 0.0018171 0.0018168 0.0018171 0.0024240 0.0024259 0.0018171 0.0024244 0.0036397 0.0018168 0.0024240 0.0030317 0.0018171 0.0030324 0.0030312 0.0024270 0.0030317 0.0024244 0.0024249 0.0030337 0.0012107 0.0042540 0.0024238 0.0036397 0.0000010 0.0000000 0.0006045 0.0024238 0.0024244 0.0018167 0.0030314 0.0024238 
EPI_ISL_20289689 0.0024244 0.0042517 0.0024244 0.0024244 0.0024240 0.0024244 0.0030319 0.0030343 0.0024244 0.0030324 0.0042489 0.0024240 0.0030319 0.0024244 0.0024244 0.0036412 0.0036397 0.0030356 0.0024244 0.0030324 0.0030331 0.0036427 0.0018171 0.0048646 0.0030317 0.0042489 0.0006045 0.0006045 0.0000000 0.0030317 0.0030324 0.0024238 0.0036400 0.0030317 
EPI_ISL_20289691 0.0018176 0.0036430 0.0006048 0.0018176 0.0018173 0.0018176 0.0024246 0.0024265 0.0018176 0.0024250 0.0036406 0.0018173 0.0024246 0.0030324 0.0018176 0.0030332 0.0030319 0.0024276 0.0030324 0.0024250 0.0024256 0.0030345 0.0012110 0.0042550 0.0024244 0.0036406 0.0024238 0.0024238 0.0030317 0.0000000 0.0024250 0.0018171 0.0030322 0.0024244 
EPI_ISL_20289693 0.0018181 0.0036439 0.0018181 0.0006049 0.0018178 0.0006049 0.0024252 0.0024271 0.0018181 0.0012116 0.0036415 0.0018178 0.0024252 0.0030332 0.0018181 0.0018185 0.0030327 0.0012129 0.0030332 0.0012116 0.0024262 0.0018193 0.0012113 0.0030370 0.0024250 0.0036415 0.0024244 0.0024244 0.0030324 0.0024250 0.0000000 0.0018176 0.0018179 0.0024250 
EPI_ISL_20292470 0.0012110 0.0030339 0.0012110 0.0012110 0.0012108 0.0012110 0.0018173 0.0018187 0.0012110 0.0018176 0.0030319 0.0012108 0.0018173 0.0024244 0.0012110 0.0024250 0.0024240 0.0018195 0.0024244 0.0018176 0.0018180 0.0024260 0.0006046 0.0036449 0.0018171 0.0030319 0.0018167 0.0018167 0.0024238 0.0018171 0.0018176 0.0000000 0.0024242 0.0018171 
EPI_ISL_20292472 0.0024248 0.0042524 0.0024248 0.0012112 0.0024244 0.0012112 0.0030324 0.0030348 0.0024248 0.0018179 0.0042497 0.0024244 0.0030324 0.0036409 0.0024248 0.0024254 0.0036403 0.0018198 0.0036409 0.0018179 0.0030336 0.0024264 0.0018175 0.0036455 0.0030322 0.0042497 0.0030314 0.0030314 0.0036400 0.0030322 0.0018179 0.0024242 0.0000000 0.0030322 
EPI_ISL_20292473 0.0018176 0.0036430 0.0018176 0.0018176 0.0018173 0.0018176 0.0024246 0.0024265 0.0006048 0.0024250 0.0036406 0.0018173 0.0024246 0.0030324 0.0006048 0.0030332 0.0030319 0.0024276 0.0030324 0.0024250 0.0024256 0.0030345 0.0012110 0.0042550 0.0012110 0.0036406 0.0024238 0.0024238 0.0030317 0.0024244 0.0024250 0.0018171 0.0030322 0.0000000 
