71
EPI_ISL_20236994 0.0000000 0.0091882 0.0091600 0.0000010 0.0091600 0.0045652 0.0045652 0.0137827 0.0091666 0.0137842 0.0137954 0.0091673 0.0091590 0.0137842 0.0137942 0.0137942 0.0242644 0.0231572 0.0137932 0.0184805 0.0184946 0.0184776 0.0091600 0.0184374 0.0091673 0.0045680 0.0045784 0.0292428 0.0045784 0.0091800 0.0184679 0.0138262 0.0091653 0.0137827 0.0184524 0.0137938 0.0184919 0.0045647 0.0045679 0.0045652 0.0091779 0.0091654 0.0184509 0.0045756 0.0091590 0.0091590 0.0138146 0.0231578 0.0045685 0.0000029 0.0184674 0.0231598 0.0091663 0.0185114 0.0233011 0.0045679 0.0184509 0.0091727 0.0137842 0.0291376 0.0091736 0.0137827 0.0137954 0.0091590 0.0045684 0.0091590 0.0091600 0.0184674 0.0138098 0.0091663 0.0184782 
EPI_ISL_20249460 0.0091882 0.0000000 0.0184977 0.0091882 0.0184977 0.0138274 0.0138274 0.0231956 0.0185111 0.0231982 0.0232173 0.0185127 0.0184956 0.0231982 0.0232154 0.0232154 0.0342134 0.0327396 0.0232124 0.0279936 0.0280154 0.0279900 0.0184977 0.0279264 0.0185127 0.0138362 0.0138685 0.0392830 0.0138685 0.0185392 0.0279738 0.0232706 0.0185082 0.0231956 0.0279497 0.0232147 0.0280109 0.0138258 0.0138361 0.0138274 0.0185353 0.0185088 0.0279474 0.0138597 0.0184956 0.0184956 0.0232507 0.0327405 0.0138378 0.0091936 0.0279730 0.0327433 0.0185103 0.0280415 0.0329487 0.0138357 0.0279474 0.0185239 0.0231982 0.0391388 0.0185254 0.0231956 0.0232173 0.0184956 0.0138374 0.0184956 0.0184977 0.0279730 0.0232409 0.0185107 0.0279908 
EPI_ISL_20249461 0.0091600 0.0184977 0.0000000 0.0091600 0.0000010 0.0045657 0.0045657 0.0231218 0.0000010 0.0045662 0.0045698 0.0091683 0.0091600 0.0137858 0.0045695 0.0231414 0.0340975 0.0326327 0.0045690 0.0279032 0.0279249 0.0278996 0.0091610 0.0091610 0.0091683 0.0045685 0.0138253 0.0391482 0.0138253 0.0184808 0.0091759 0.0231963 0.0000029 0.0231218 0.0184544 0.0137954 0.0279204 0.0137827 0.0045684 0.0137842 0.0091789 0.0000010 0.0184529 0.0138164 0.0091600 0.0091600 0.0231765 0.0326336 0.0045690 0.0091653 0.0278827 0.0326364 0.0091673 0.0185135 0.0233038 0.0045684 0.0091675 0.0091738 0.0137858 0.0390051 0.0091746 0.0231218 0.0137969 0.0184374 0.0137942 0.0184374 0.0091610 0.0184695 0.0138114 0.0184524 0.0279004 
EPI_ISL_20249462 0.0000010 0.0091882 0.0091600 0.0000000 0.0091600 0.0045652 0.0045652 0.0137827 0.0091666 0.0137842 0.0137954 0.0091673 0.0091590 0.0137842 0.0137942 0.0137942 0.0242644 0.0231572 0.0137932 0.0184805 0.0184946 0.0184776 0.0091600 0.0184374 0.0091673 0.0045680 0.0045784 0.0292428 0.0045784 0.0091800 0.0184679 0.0138262 0.0091653 0.0137827 0.0184524 0.0137938 0.0184919 0.0045647 0.0045679 0.0045652 0.0091779 0.0091654 0.0184509 0.0045756 0.0091590 0.0091590 0.0138146 0.0231578 0.0045685 0.0000029 0.0184674 0.0231598 0.0091663 0.0185114 0.0233011 0.0045679 0.0184509 0.0091727 0.0137842 0.0291376 0.0091736 0.0137827 0.0137954 0.0091590 0.0045684 0.0091590 0.0091600 0.0184674 0.0138098 0.0091663 0.0184782 
EPI_ISL_20249463 0.0091600 0.0184977 0.0000010 0.0091600 0.0000000 0.0045657 0.0045657 0.0231218 0.0000010 0.0045662 0.0045698 0.0091683 0.0091600 0.0137858 0.0045695 0.0231414 0.0340975 0.0326327 0.0045690 0.0279032 0.0279249 0.0278996 0.0091610 0.0091610 0.0091683 0.0045685 0.0138253 0.0391482 0.0138253 0.0184808 0.0091759 0.0231963 0.0000029 0.0231218 0.0184544 0.0137954 0.0279204 0.0137827 0.0045684 0.0137842 0.0091789 0.0000010 0.0184529 0.0138164 0.0091600 0.0091600 0.0231765 0.0326336 0.0045690 0.0091653 0.0278827 0.0326364 0.0091673 0.0185135 0.0233038 0.0045684 0.0091675 0.0091738 0.0137858 0.0390051 0.0091746 0.0231218 0.0137969 0.0184374 0.0137942 0.0184374 0.0091610 0.0184695 0.0138114 0.0184524 0.0279004 
EPI_ISL_20249466 0.0045652 0.0138274 0.0045657 0.0045652 0.0045657 0.0000000 0.0000010 0.0184374 0.0045690 0.0091610 0.0091683 0.0045693 0.0045652 0.0091610 0.0091675 0.0184529 0.0291696 0.0278796 0.0091663 0.0231765 0.0231943 0.0231736 0.0045657 0.0137842 0.0045693 0.0000029 0.0091864 0.0341839 0.0091864 0.0138148 0.0138069 0.0184961 0.0045685 0.0184374 0.0137954 0.0091673 0.0231908 0.0091590 0.0000029 0.0091600 0.0045746 0.0045684 0.0137942 0.0091810 0.0045652 0.0045652 0.0184805 0.0278804 0.0000029 0.0045680 0.0231598 0.0278827 0.0045690 0.0138391 0.0185803 0.0000010 0.0137942 0.0045720 0.0091610 0.0340600 0.0045726 0.0184374 0.0091683 0.0137827 0.0091665 0.0137827 0.0045657 0.0138065 0.0091771 0.0137938 0.0231743 
EPI_ISL_20260285 0.0045652 0.0138274 0.0045657 0.0045652 0.0045657 0.0000010 0.0000000 0.0184374 0.0045690 0.0091610 0.0091683 0.0045693 0.0045652 0.0091610 0.0091675 0.0184529 0.0291696 0.0278796 0.0091663 0.0231765 0.0231943 0.0231736 0.0045657 0.0137842 0.0045693 0.0000029 0.0091864 0.0341839 0.0091864 0.0138148 0.0138069 0.0184961 0.0045685 0.0184374 0.0137954 0.0091673 0.0231908 0.0091590 0.0000029 0.0091600 0.0045746 0.0045684 0.0137942 0.0091810 0.0045652 0.0045652 0.0184805 0.0278804 0.0000029 0.0045680 0.0231598 0.0278827 0.0045690 0.0138391 0.0185803 0.0000010 0.0137942 0.0045720 0.0091610 0.0340600 0.0045726 0.0184374 0.0091683 0.0137827 0.0091665 0.0137827 0.0045657 0.0138065 0.0091771 0.0137938 0.0231743 
EPI_ISL_20260287 0.0137827 0.0231956 0.0231218 0.0137827 0.0231218 0.0184374 0.0184374 0.0000000 0.0231385 0.0278365 0.0278596 0.0231407 0.0231192 0.0278365 0.0278573 0.0278573 0.0390438 0.0374128 0.0278536 0.0326571 0.0326828 0.0326527 0.0231218 0.0325780 0.0231407 0.0184477 0.0184913 0.0441322 0.0184913 0.0231742 0.0326336 0.0279241 0.0231358 0.0278334 0.0326053 0.0278565 0.0326773 0.0184353 0.0184475 0.0184374 0.0231686 0.0231357 0.0326026 0.0184808 0.0231192 0.0231192 0.0279001 0.0374139 0.0184498 0.0137917 0.0326327 0.0374170 0.0231384 0.0327133 0.0376539 0.0184485 0.0326026 0.0231547 0.0278365 0.0439693 0.0231574 0.0278334 0.0278596 0.0231192 0.0184509 0.0231192 0.0231218 0.0326327 0.0278881 0.0231382 0.0326536 
EPI_ISL_20260288 0.0091666 0.0185111 0.0000010 0.0091666 0.0000010 0.0045690 0.0045690 0.0231385 0.0000000 0.0045695 0.0045731 0.0091749 0.0091666 0.0137958 0.0045727 0.0231582 0.0341233 0.0326565 0.0045723 0.0279236 0.0279453 0.0279199 0.0091676 0.0091676 0.0091749 0.0045718 0.0138353 0.0391779 0.0138353 0.0184942 0.0091825 0.0232131 0.0000029 0.0231385 0.0184678 0.0138054 0.0279408 0.0137927 0.0045717 0.0137942 0.0091855 0.0000010 0.0184663 0.0138264 0.0091666 0.0091666 0.0231934 0.0326575 0.0045723 0.0091719 0.0279030 0.0326602 0.0091739 0.0185270 0.0233208 0.0045717 0.0091742 0.0091804 0.0137958 0.0390345 0.0091813 0.0231385 0.0138069 0.0184507 0.0138042 0.0184507 0.0091676 0.0184829 0.0138213 0.0184658 0.0279207 
EPI_ISL_20266559 0.0137842 0.0231982 0.0045662 0.0137842 0.0045662 0.0091610 0.0091610 0.0278365 0.0045695 0.0000000 0.0091693 0.0137969 0.0137842 0.0184415 0.0091686 0.0278604 0.0390483 0.0374170 0.0091673 0.0326608 0.0326865 0.0326563 0.0137858 0.0137858 0.0137969 0.0091663 0.0184933 0.0441374 0.0184933 0.0231768 0.0138085 0.0279272 0.0045690 0.0278365 0.0231433 0.0184544 0.0326810 0.0184374 0.0091662 0.0184394 0.0138140 0.0045689 0.0231414 0.0184828 0.0137842 0.0137842 0.0279032 0.0374181 0.0091673 0.0137932 0.0326364 0.0374212 0.0137962 0.0232182 0.0280582 0.0091664 0.0137958 0.0138052 0.0184415 0.0439744 0.0138074 0.0278365 0.0184565 0.0231218 0.0184529 0.0231218 0.0137858 0.0231624 0.0184753 0.0231407 0.0326573 
EPI_ISL_20266566 0.0137954 0.0232173 0.0045698 0.0137954 0.0045698 0.0091683 0.0091683 0.0278596 0.0045731 0.0091693 0.0000000 0.0138081 0.0137954 0.0184565 0.0091759 0.0278835 0.0390826 0.0374477 0.0091746 0.0326883 0.0327140 0.0326838 0.0137969 0.0137969 0.0138081 0.0091736 0.0185085 0.0441766 0.0185085 0.0231959 0.0045698 0.0279505 0.0045726 0.0278596 0.0231624 0.0184695 0.0327085 0.0184524 0.0045684 0.0184544 0.0091789 0.0045725 0.0231604 0.0184979 0.0137954 0.0137954 0.0279264 0.0374488 0.0091746 0.0138043 0.0326638 0.0374520 0.0138074 0.0232374 0.0233038 0.0091738 0.0138069 0.0138163 0.0184565 0.0440133 0.0138185 0.0278596 0.0184715 0.0231407 0.0184679 0.0231407 0.0137969 0.0231814 0.0138114 0.0231598 0.0279004 
EPI_ISL_20266568 0.0091673 0.0185127 0.0091683 0.0091673 0.0091683 0.0045693 0.0045693 0.0231407 0.0091749 0.0137969 0.0138081 0.0000000 0.0091673 0.0137969 0.0138069 0.0231604 0.0341272 0.0326601 0.0138058 0.0279264 0.0279482 0.0279228 0.0091683 0.0184544 0.0000010 0.0045721 0.0138364 0.0391827 0.0138364 0.0184958 0.0184850 0.0232154 0.0091736 0.0231407 0.0091607 0.0138065 0.0279437 0.0137938 0.0045720 0.0137954 0.0000029 0.0091738 0.0184679 0.0138276 0.0091673 0.0091673 0.0231956 0.0326610 0.0045726 0.0091726 0.0279059 0.0326638 0.0091746 0.0091894 0.0233231 0.0045720 0.0184679 0.0000010 0.0137969 0.0390392 0.0000029 0.0231407 0.0045661 0.0184524 0.0138054 0.0184524 0.0091683 0.0091680 0.0138225 0.0184674 0.0279236 
EPI_ISL_20266581 0.0091590 0.0184956 0.0091600 0.0091590 0.0091600 0.0045652 0.0045652 0.0231192 0.0091666 0.0137842 0.0137954 0.0091673 0.0000000 0.0137842 0.0137942 0.0231388 0.0340936 0.0326290 0.0091663 0.0279001 0.0279218 0.0278965 0.0091600 0.0184374 0.0091673 0.0000029 0.0091864 0.0391437 0.0091864 0.0184787 0.0184679 0.0231937 0.0091653 0.0231192 0.0184524 0.0045688 0.0279173 0.0045647 0.0045679 0.0137827 0.0045746 0.0091654 0.0184509 0.0138148 0.0091590 0.0000010 0.0138146 0.0326300 0.0045685 0.0091643 0.0278796 0.0326327 0.0091663 0.0185114 0.0233011 0.0045679 0.0091665 0.0091727 0.0137842 0.0291376 0.0091736 0.0231192 0.0137954 0.0184353 0.0137927 0.0184353 0.0091600 0.0184674 0.0091771 0.0091663 0.0278973 
EPI_ISL_20289596 0.0137842 0.0231982 0.0137858 0.0137842 0.0137858 0.0091610 0.0091610 0.0278365 0.0137958 0.0184415 0.0184565 0.0137969 0.0137842 0.0000000 0.0184550 0.0278604 0.0291730 0.0278827 0.0184519 0.0326608 0.0326865 0.0231762 0.0137858 0.0231243 0.0137969 0.0091663 0.0184933 0.0341878 0.0184933 0.0231768 0.0231630 0.0279272 0.0137947 0.0278365 0.0231433 0.0184544 0.0326810 0.0184374 0.0091662 0.0184394 0.0138140 0.0137940 0.0231414 0.0184828 0.0137842 0.0137842 0.0279032 0.0374181 0.0091673 0.0137932 0.0231624 0.0278858 0.0137962 0.0232182 0.0280582 0.0091664 0.0231414 0.0138052 0.0184415 0.0340640 0.0138074 0.0278365 0.0184565 0.0231218 0.0184529 0.0231218 0.0045662 0.0231624 0.0184753 0.0231407 0.0326573 
EPI_ISL_20289598 0.0137942 0.0232154 0.0045695 0.0137942 0.0045695 0.0091675 0.0091675 0.0278573 0.0045727 0.0091686 0.0091759 0.0138069 0.0137942 0.0184550 0.0000000 0.0278812 0.0390792 0.0374446 0.0091739 0.0326855 0.0327112 0.0326810 0.0137958 0.0137958 0.0138069 0.0091729 0.0185069 0.0441727 0.0185069 0.0231939 0.0045695 0.0279482 0.0045722 0.0278573 0.0231604 0.0184679 0.0327057 0.0184509 0.0091727 0.0184529 0.0138240 0.0045722 0.0231585 0.0184964 0.0137942 0.0137942 0.0279241 0.0374457 0.0091739 0.0138032 0.0326610 0.0374488 0.0138062 0.0232355 0.0280794 0.0091730 0.0045653 0.0138152 0.0184550 0.0440095 0.0138174 0.0278573 0.0184700 0.0231388 0.0184664 0.0231388 0.0137958 0.0231795 0.0184888 0.0231578 0.0326820 
EPI_ISL_20289600 0.0137942 0.0232154 0.0231414 0.0137942 0.0231414 0.0184529 0.0184529 0.0278573 0.0231582 0.0278604 0.0278835 0.0231604 0.0231388 0.0278604 0.0278812 0.0000000 0.0390792 0.0374446 0.0278775 0.0326855 0.0045758 0.0326810 0.0231414 0.0326063 0.0231604 0.0184633 0.0185069 0.0441727 0.0185069 0.0231939 0.0326620 0.0279482 0.0231555 0.0278573 0.0326336 0.0278804 0.0327057 0.0184509 0.0184631 0.0184529 0.0231884 0.0231554 0.0326309 0.0184964 0.0231388 0.0231388 0.0279241 0.0374457 0.0184654 0.0138032 0.0326610 0.0374488 0.0231581 0.0327418 0.0376871 0.0184640 0.0326309 0.0231744 0.0278604 0.0440095 0.0231771 0.0278573 0.0184700 0.0231388 0.0184664 0.0231388 0.0231414 0.0326610 0.0279121 0.0231578 0.0326820 
EPI_ISL_20289601 0.0242644 0.0342134 0.0340975 0.0242644 0.0340975 0.0291696 0.0291696 0.0390438 0.0341233 0.0390483 0.0390826 0.0341272 0.0340936 0.0291730 0.0390792 0.0390792 0.0000000 0.0096480 0.0390732 0.0441320 0.0441686 0.0048223 0.0340975 0.0440184 0.0341272 0.0291886 0.0292618 0.0045773 0.0292618 0.0341799 0.0440977 0.0391790 0.0341193 0.0390438 0.0440574 0.0390780 0.0441603 0.0291662 0.0291883 0.0291696 0.0341706 0.0341190 0.0440536 0.0292428 0.0340936 0.0340936 0.0391434 0.0491018 0.0291920 0.0242798 0.0048193 0.0096491 0.0341232 0.0442120 0.0494359 0.0291879 0.0440536 0.0341487 0.0390483 0.0137963 0.0341530 0.0390438 0.0390826 0.0340936 0.0291923 0.0340936 0.0242672 0.0440964 0.0391244 0.0341232 0.0441256 
EPI_ISL_20289603 0.0231572 0.0327396 0.0326327 0.0231572 0.0326327 0.0278796 0.0278796 0.0374128 0.0326565 0.0374170 0.0374477 0.0326601 0.0326290 0.0278827 0.0374446 0.0374446 0.0096480 0.0000000 0.0374392 0.0423328 0.0423668 0.0045681 0.0326327 0.0422276 0.0326601 0.0278968 0.0279641 0.0145260 0.0279641 0.0327087 0.0423011 0.0375371 0.0278999 0.0374128 0.0422637 0.0374435 0.0423591 0.0278765 0.0278965 0.0278796 0.0327003 0.0326526 0.0422601 0.0279468 0.0326290 0.0326290 0.0375041 0.0471510 0.0278999 0.0231713 0.0045655 0.0091605 0.0326566 0.0424070 0.0474617 0.0278965 0.0422601 0.0326800 0.0374170 0.0242401 0.0326841 0.0374128 0.0374477 0.0326290 0.0279004 0.0326290 0.0231598 0.0422999 0.0374875 0.0326564 0.0423271 
EPI_ISL_20289607 0.0137932 0.0232124 0.0045690 0.0137932 0.0045690 0.0091663 0.0091663 0.0278536 0.0045723 0.0091673 0.0091746 0.0138058 0.0091663 0.0184519 0.0091739 0.0278775 0.0390732 0.0374392 0.0000000 0.0326811 0.0327068 0.0326765 0.0137947 0.0137947 0.0138058 0.0091666 0.0184942 0.0441655 0.0184942 0.0231909 0.0138174 0.0279445 0.0045716 0.0278536 0.0231574 0.0138058 0.0327013 0.0137932 0.0091715 0.0184498 0.0138141 0.0045717 0.0231555 0.0184933 0.0137932 0.0091663 0.0231933 0.0374403 0.0091727 0.0138016 0.0326566 0.0374434 0.0138046 0.0232325 0.0280756 0.0091718 0.0091739 0.0138141 0.0184519 0.0390344 0.0138158 0.0278536 0.0184669 0.0231358 0.0184633 0.0231358 0.0137947 0.0231765 0.0184744 0.0184649 0.0326774 
EPI_ISL_20289609 0.0184805 0.0279936 0.0279032 0.0184805 0.0279032 0.0231765 0.0231765 0.0326571 0.0279236 0.0326608 0.0326883 0.0279264 0.0279001 0.0326608 0.0326855 0.0326855 0.0441320 0.0423328 0.0326811 0.0000000 0.0375670 0.0375318 0.0279032 0.0374445 0.0279264 0.0231907 0.0232460 0.0492752 0.0232460 0.0279674 0.0375094 0.0327652 0.0279204 0.0326571 0.0374764 0.0326846 0.0000010 0.0231739 0.0231904 0.0231765 0.0279606 0.0279202 0.0374732 0.0232318 0.0279001 0.0279001 0.0327366 0.0423340 0.0231933 0.0184910 0.0375083 0.0423376 0.0279236 0.0376025 0.0426098 0.0231905 0.0374732 0.0279434 0.0326608 0.0490909 0.0279468 0.0326571 0.0326883 0.0279001 0.0231937 0.0184805 0.0279032 0.0375083 0.0327221 0.0279233 0.0375329 
EPI_ISL_20289611 0.0184946 0.0280154 0.0279249 0.0184946 0.0279249 0.0231943 0.0231943 0.0326828 0.0279453 0.0326865 0.0327140 0.0279482 0.0279218 0.0326865 0.0327112 0.0045758 0.0441686 0.0423668 0.0327068 0.0375670 0.0000000 0.0375618 0.0279249 0.0374743 0.0279482 0.0232085 0.0232640 0.0493166 0.0232640 0.0279892 0.0375393 0.0327910 0.0279421 0.0326828 0.0375062 0.0327103 0.0375904 0.0231917 0.0232082 0.0231943 0.0279824 0.0279419 0.0375031 0.0232497 0.0279218 0.0279218 0.0327624 0.0423680 0.0232111 0.0185051 0.0375382 0.0423716 0.0279453 0.0376325 0.0426442 0.0232083 0.0375031 0.0279651 0.0326865 0.0491320 0.0279686 0.0326828 0.0232160 0.0279218 0.0232115 0.0279218 0.0279249 0.0375382 0.0327478 0.0279450 0.0375629 
EPI_ISL_20289613 0.0184776 0.0279900 0.0278996 0.0184776 0.0278996 0.0231736 0.0231736 0.0326527 0.0279199 0.0326563 0.0326838 0.0279228 0.0278965 0.0231762 0.0326810 0.0326810 0.0048223 0.0045681 0.0326765 0.0375318 0.0375618 0.0000000 0.0278996 0.0374389 0.0279228 0.0231877 0.0232431 0.0096783 0.0232431 0.0279638 0.0375041 0.0327606 0.0279168 0.0326527 0.0374709 0.0326801 0.0375552 0.0231710 0.0231874 0.0231736 0.0279570 0.0279165 0.0374678 0.0232289 0.0278965 0.0278965 0.0327321 0.0423271 0.0231903 0.0184898 0.0000029 0.0045686 0.0279199 0.0375973 0.0376482 0.0231876 0.0374678 0.0279398 0.0326563 0.0193744 0.0279431 0.0326527 0.0326838 0.0278965 0.0231908 0.0278965 0.0184797 0.0375030 0.0327175 0.0279197 0.0375275 
EPI_ISL_20289615 0.0091600 0.0184977 0.0091610 0.0091600 0.0091610 0.0045657 0.0045657 0.0231218 0.0091676 0.0137858 0.0137969 0.0091683 0.0091600 0.0137858 0.0137958 0.0231414 0.0340975 0.0326327 0.0137947 0.0279032 0.0279249 0.0278996 0.0000000 0.0184394 0.0091683 0.0045685 0.0138253 0.0391482 0.0138253 0.0184808 0.0184700 0.0231963 0.0091663 0.0231218 0.0184544 0.0137954 0.0279204 0.0137827 0.0045684 0.0137842 0.0091789 0.0091664 0.0184529 0.0138164 0.0091600 0.0091600 0.0231765 0.0326336 0.0000029 0.0091653 0.0278827 0.0326364 0.0091673 0.0185135 0.0233038 0.0045684 0.0184529 0.0091738 0.0137858 0.0390051 0.0091746 0.0231218 0.0137969 0.0184374 0.0137942 0.0184374 0.0091610 0.0184695 0.0138114 0.0184524 0.0279004 
EPI_ISL_20289617 0.0184374 0.0279264 0.0091610 0.0184374 0.0091610 0.0137842 0.0137842 0.0325780 0.0091676 0.0137858 0.0137969 0.0184544 0.0184374 0.0231243 0.0137958 0.0326063 0.0440184 0.0422276 0.0137947 0.0374445 0.0374743 0.0374389 0.0184394 0.0000000 0.0184544 0.0137932 0.0231909 0.0491466 0.0231909 0.0184808 0.0184700 0.0326855 0.0091663 0.0325780 0.0278596 0.0231407 0.0374678 0.0231192 0.0137930 0.0231218 0.0184768 0.0091664 0.0278573 0.0231768 0.0184374 0.0184374 0.0326571 0.0422288 0.0137947 0.0184477 0.0374170 0.0422323 0.0184519 0.0279508 0.0328407 0.0137925 0.0184529 0.0184655 0.0231243 0.0489633 0.0184669 0.0325780 0.0231433 0.0278334 0.0231388 0.0278334 0.0184394 0.0278827 0.0231667 0.0278565 0.0374400 
EPI_ISL_20289621 0.0091673 0.0185127 0.0091683 0.0091673 0.0091683 0.0045693 0.0045693 0.0231407 0.0091749 0.0137969 0.0138081 0.0000010 0.0091673 0.0137969 0.0138069 0.0231604 0.0341272 0.0326601 0.0138058 0.0279264 0.0279482 0.0279228 0.0091683 0.0184544 0.0000000 0.0045721 0.0138364 0.0391827 0.0138364 0.0184958 0.0184850 0.0232154 0.0091736 0.0231407 0.0091607 0.0138065 0.0279437 0.0137938 0.0045720 0.0137954 0.0000029 0.0091738 0.0184679 0.0138276 0.0091673 0.0091673 0.0231956 0.0326610 0.0045726 0.0091726 0.0279059 0.0326638 0.0091746 0.0091894 0.0233231 0.0045720 0.0184679 0.0000010 0.0137969 0.0390392 0.0000029 0.0231407 0.0045661 0.0184524 0.0138054 0.0184524 0.0091683 0.0091680 0.0138225 0.0184674 0.0279236 
EPI_ISL_20289623 0.0045680 0.0138362 0.0045685 0.0045680 0.0045685 0.0000029 0.0000029 0.0184477 0.0045718 0.0091663 0.0091736 0.0045721 0.0000029 0.0091663 0.0091729 0.0184633 0.0291886 0.0278968 0.0091666 0.0231907 0.0232085 0.0231877 0.0045685 0.0137932 0.0045721 0.0000000 0.0091866 0.0342057 0.0091866 0.0138237 0.0138158 0.0185067 0.0045711 0.0184477 0.0138043 0.0045721 0.0232049 0.0045680 0.0000029 0.0091653 0.0045748 0.0045712 0.0138032 0.0091864 0.0045680 0.0000029 0.0138251 0.0278976 0.0000029 0.0045706 0.0231739 0.0278999 0.0045716 0.0138480 0.0185924 0.0000029 0.0091729 0.0045748 0.0091663 0.0291601 0.0045752 0.0184477 0.0091736 0.0137917 0.0091719 0.0137917 0.0045685 0.0138154 0.0091773 0.0091726 0.0231884 
EPI_ISL_20289640 0.0045784 0.0138685 0.0138253 0.0045784 0.0138253 0.0091864 0.0091864 0.0184913 0.0138353 0.0184933 0.0185085 0.0138364 0.0091864 0.0184933 0.0185069 0.0185069 0.0292618 0.0279641 0.0184942 0.0232460 0.0232640 0.0232431 0.0138253 0.0231909 0.0138364 0.0091866 0.0000000 0.0342926 0.0000010 0.0045675 0.0232299 0.0185505 0.0138337 0.0184913 0.0232100 0.0138364 0.0232604 0.0045784 0.0091917 0.0091864 0.0138447 0.0138335 0.0232081 0.0000029 0.0138237 0.0091864 0.0138573 0.0279649 0.0091929 0.0000029 0.0232292 0.0279672 0.0138352 0.0232854 0.0281407 0.0091919 0.0185069 0.0138447 0.0184933 0.0292331 0.0138464 0.0184913 0.0185085 0.0138237 0.0091930 0.0138237 0.0138253 0.0232292 0.0185160 0.0091938 0.0232437 
EPI_ISL_20289648 0.0292428 0.0392830 0.0391482 0.0292428 0.0391482 0.0341839 0.0341839 0.0441322 0.0391779 0.0441374 0.0441766 0.0391827 0.0391437 0.0341878 0.0441727 0.0441727 0.0045773 0.0145260 0.0441655 0.0492752 0.0493166 0.0096783 0.0391482 0.0491466 0.0391827 0.0342057 0.0342926 0.0000000 0.0342926 0.0392441 0.0492362 0.0442871 0.0391732 0.0441322 0.0491906 0.0441714 0.0493069 0.0341799 0.0342054 0.0341839 0.0392327 0.0391730 0.0491863 0.0342706 0.0391437 0.0391437 0.0442464 0.0542811 0.0342097 0.0292618 0.0096723 0.0145277 0.0391778 0.0493655 0.0546557 0.0342054 0.0491863 0.0392075 0.0441374 0.0184991 0.0392123 0.0441322 0.0441766 0.0391437 0.0342107 0.0391437 0.0292462 0.0492347 0.0442240 0.0391781 0.0492675 
EPI_ISL_20289658 0.0045784 0.0138685 0.0138253 0.0045784 0.0138253 0.0091864 0.0091864 0.0184913 0.0138353 0.0184933 0.0185085 0.0138364 0.0091864 0.0184933 0.0185069 0.0185069 0.0292618 0.0279641 0.0184942 0.0232460 0.0232640 0.0232431 0.0138253 0.0231909 0.0138364 0.0091866 0.0000010 0.0342926 0.0000000 0.0045675 0.0232299 0.0185505 0.0138337 0.0184913 0.0232100 0.0138364 0.0232604 0.0045784 0.0091917 0.0091864 0.0138447 0.0138335 0.0232081 0.0000029 0.0138237 0.0091864 0.0138573 0.0279649 0.0091929 0.0000029 0.0232292 0.0279672 0.0138352 0.0232854 0.0281407 0.0091919 0.0185069 0.0138447 0.0184933 0.0292331 0.0138464 0.0184913 0.0185085 0.0138237 0.0091930 0.0138237 0.0138253 0.0232292 0.0185160 0.0091938 0.0232437 
EPI_ISL_20289660 0.0091800 0.0185392 0.0184808 0.0091800 0.0184808 0.0138148 0.0138148 0.0231742 0.0184942 0.0231768 0.0231959 0.0184958 0.0184787 0.0231768 0.0231939 0.0231939 0.0341799 0.0327087 0.0231909 0.0279674 0.0279892 0.0279638 0.0184808 0.0184808 0.0184958 0.0138237 0.0045675 0.0392441 0.0045675 0.0000000 0.0279476 0.0232490 0.0184913 0.0231742 0.0279236 0.0231933 0.0279847 0.0138133 0.0138235 0.0138148 0.0185183 0.0184919 0.0279213 0.0045648 0.0184787 0.0184787 0.0232292 0.0327096 0.0138253 0.0045675 0.0279468 0.0327124 0.0184933 0.0280152 0.0329171 0.0138231 0.0279213 0.0185069 0.0231768 0.0391002 0.0185085 0.0231742 0.0231959 0.0184787 0.0138249 0.0184787 0.0184808 0.0279468 0.0232194 0.0184938 0.0279646 
EPI_ISL_20289662 0.0184679 0.0279738 0.0091759 0.0184679 0.0091759 0.0138069 0.0138069 0.0326336 0.0091825 0.0138085 0.0045698 0.0184850 0.0184679 0.0231630 0.0045695 0.0326620 0.0440977 0.0423011 0.0138174 0.0375094 0.0375393 0.0375041 0.0184700 0.0184700 0.0184850 0.0138158 0.0232299 0.0492362 0.0232299 0.0279476 0.0000000 0.0327415 0.0091812 0.0326336 0.0279067 0.0231795 0.0375328 0.0231578 0.0091727 0.0231604 0.0138240 0.0091813 0.0279044 0.0232156 0.0184679 0.0184679 0.0327130 0.0423024 0.0138174 0.0184784 0.0374807 0.0423059 0.0184825 0.0279982 0.0280794 0.0138152 0.0091675 0.0184962 0.0231630 0.0490522 0.0184976 0.0326336 0.0231821 0.0278804 0.0231776 0.0278804 0.0184700 0.0279299 0.0184888 0.0279036 0.0326820 
EPI_ISL_20289664 0.0138262 0.0232706 0.0231963 0.0138262 0.0231963 0.0184961 0.0184961 0.0279241 0.0232131 0.0279272 0.0279505 0.0232154 0.0231937 0.0279272 0.0279482 0.0279482 0.0391790 0.0375371 0.0279445 0.0327652 0.0327910 0.0327606 0.0231963 0.0326855 0.0232154 0.0185067 0.0185505 0.0442871 0.0185505 0.0232490 0.0327415 0.0000000 0.0232104 0.0279241 0.0327130 0.0279474 0.0327855 0.0184941 0.0185065 0.0184961 0.0232435 0.0232103 0.0327103 0.0185398 0.0231937 0.0231937 0.0279913 0.0375382 0.0185088 0.0138351 0.0327405 0.0375414 0.0232130 0.0328217 0.0377800 0.0185072 0.0327103 0.0232294 0.0279272 0.0441230 0.0232322 0.0279241 0.0279505 0.0231937 0.0185097 0.0231937 0.0231963 0.0327405 0.0279792 0.0232128 0.0327616 
EPI_ISL_20289667 0.0091653 0.0185082 0.0000029 0.0091653 0.0000029 0.0045685 0.0045685 0.0231358 0.0000029 0.0045690 0.0045726 0.0091736 0.0091653 0.0137947 0.0045722 0.0231555 0.0341193 0.0278999 0.0045716 0.0279204 0.0279421 0.0279168 0.0091663 0.0091663 0.0091736 0.0045711 0.0138337 0.0391732 0.0138337 0.0184913 0.0091812 0.0232104 0.0000000 0.0231358 0.0184649 0.0138043 0.0279377 0.0137917 0.0045710 0.0137932 0.0091845 0.0000029 0.0184633 0.0138253 0.0091653 0.0091653 0.0231907 0.0326539 0.0045716 0.0091706 0.0278999 0.0326566 0.0091727 0.0185241 0.0233180 0.0045712 0.0091729 0.0091791 0.0137947 0.0390299 0.0091800 0.0231358 0.0138058 0.0184477 0.0138032 0.0184477 0.0091663 0.0184799 0.0138199 0.0184628 0.0279176 
EPI_ISL_20289669 0.0137827 0.0231956 0.0231218 0.0137827 0.0231218 0.0184374 0.0184374 0.0278334 0.0231385 0.0278365 0.0278596 0.0231407 0.0231192 0.0278365 0.0278573 0.0278573 0.0390438 0.0374128 0.0278536 0.0326571 0.0326828 0.0326527 0.0231218 0.0325780 0.0231407 0.0184477 0.0184913 0.0441322 0.0184913 0.0231742 0.0326336 0.0279241 0.0231358 0.0000000 0.0231407 0.0278565 0.0326773 0.0184353 0.0184475 0.0184374 0.0231686 0.0231357 0.0231388 0.0184808 0.0231192 0.0231192 0.0279001 0.0374139 0.0184498 0.0137917 0.0326327 0.0374170 0.0184498 0.0327133 0.0376539 0.0184485 0.0326026 0.0231547 0.0278365 0.0439693 0.0184649 0.0091600 0.0278596 0.0045652 0.0184509 0.0231192 0.0231218 0.0326327 0.0278881 0.0231382 0.0326536 
EPI_ISL_20289671 0.0184524 0.0279497 0.0184544 0.0184524 0.0184544 0.0137954 0.0137954 0.0326053 0.0184678 0.0231433 0.0231624 0.0091607 0.0184524 0.0231433 0.0231604 0.0326336 0.0440574 0.0422637 0.0231574 0.0374764 0.0375062 0.0374709 0.0184544 0.0278596 0.0091607 0.0138043 0.0232100 0.0491906 0.0232100 0.0279236 0.0279067 0.0327130 0.0184649 0.0231407 0.0000000 0.0231598 0.0374997 0.0231382 0.0138041 0.0231407 0.0091713 0.0184655 0.0278804 0.0231959 0.0184524 0.0184524 0.0326846 0.0422649 0.0138058 0.0184628 0.0374477 0.0422685 0.0184669 0.0184979 0.0328684 0.0138036 0.0278804 0.0091662 0.0231433 0.0490070 0.0091671 0.0231407 0.0137854 0.0184524 0.0231578 0.0278565 0.0184544 0.0184539 0.0231858 0.0278796 0.0374720 
EPI_ISL_20289675 0.0137938 0.0232147 0.0137954 0.0137938 0.0137954 0.0091673 0.0091673 0.0278565 0.0138054 0.0184544 0.0184695 0.0138065 0.0045688 0.0184544 0.0184679 0.0278804 0.0390780 0.0374435 0.0138058 0.0326846 0.0327103 0.0326801 0.0137954 0.0231407 0.0138065 0.0045721 0.0138364 0.0441714 0.0138364 0.0231933 0.0231795 0.0279474 0.0138043 0.0278565 0.0231598 0.0000000 0.0327048 0.0091663 0.0091725 0.0184524 0.0091862 0.0138036 0.0231578 0.0184958 0.0137938 0.0045688 0.0184956 0.0374446 0.0091736 0.0138028 0.0326601 0.0374477 0.0138058 0.0232348 0.0280786 0.0091727 0.0138054 0.0138148 0.0184544 0.0340896 0.0138170 0.0278565 0.0184695 0.0231382 0.0184659 0.0231382 0.0137954 0.0231788 0.0138225 0.0138050 0.0326810 
EPI_ISL_20289717 0.0184919 0.0280109 0.0279204 0.0184919 0.0279204 0.0231908 0.0231908 0.0326773 0.0279408 0.0326810 0.0327085 0.0279437 0.0279173 0.0326810 0.0327057 0.0327057 0.0441603 0.0423591 0.0327013 0.0000010 0.0375904 0.0375552 0.0279204 0.0374678 0.0279437 0.0232049 0.0232604 0.0493069 0.0232604 0.0279847 0.0375328 0.0327855 0.0279377 0.0326773 0.0374997 0.0327048 0.0000000 0.0231882 0.0232047 0.0231908 0.0279779 0.0279374 0.0374965 0.0232461 0.0279173 0.0279173 0.0327569 0.0423603 0.0232075 0.0185024 0.0375317 0.0423639 0.0279408 0.0376260 0.0426365 0.0232048 0.0374965 0.0279606 0.0326810 0.0491224 0.0279641 0.0326773 0.0327085 0.0279173 0.0232079 0.0184919 0.0279204 0.0375317 0.0327423 0.0279405 0.0375563 
EPI_ISL_20289719 0.0045647 0.0138258 0.0137827 0.0045647 0.0137827 0.0091590 0.0091590 0.0184353 0.0137927 0.0184374 0.0184524 0.0137938 0.0045647 0.0184374 0.0184509 0.0184509 0.0291662 0.0278765 0.0137932 0.0231739 0.0231917 0.0231710 0.0137827 0.0231192 0.0137938 0.0045680 0.0045784 0.0341799 0.0045784 0.0138133 0.0231578 0.0184941 0.0137917 0.0184353 0.0231382 0.0091663 0.0231882 0.0000000 0.0091641 0.0091590 0.0091779 0.0137910 0.0231362 0.0091800 0.0137812 0.0045647 0.0091799 0.0278773 0.0091653 0.0045675 0.0231572 0.0278796 0.0137932 0.0232130 0.0280519 0.0091644 0.0137927 0.0138021 0.0184374 0.0242380 0.0138043 0.0184353 0.0184524 0.0137812 0.0091655 0.0137812 0.0137827 0.0231572 0.0138098 0.0045683 0.0231717 
EPI_ISL_20289721 0.0045679 0.0138361 0.0045684 0.0045679 0.0045684 0.0000029 0.0000029 0.0184475 0.0045717 0.0091662 0.0045684 0.0045720 0.0045679 0.0091662 0.0091727 0.0184631 0.0291883 0.0278965 0.0091715 0.0231904 0.0232082 0.0231874 0.0045684 0.0137930 0.0045720 0.0000029 0.0091917 0.0342054 0.0091917 0.0138235 0.0091727 0.0185065 0.0045710 0.0184475 0.0138041 0.0091725 0.0232047 0.0091641 0.0000000 0.0091652 0.0045746 0.0045711 0.0138030 0.0091863 0.0045679 0.0045679 0.0184908 0.0278973 0.0000029 0.0045705 0.0231736 0.0278996 0.0045715 0.0138478 0.0185809 0.0000029 0.0138030 0.0045747 0.0091662 0.0340814 0.0045752 0.0184475 0.0091735 0.0137915 0.0091717 0.0137915 0.0045684 0.0138152 0.0091773 0.0138026 0.0231744 
EPI_ISL_20289728 0.0045652 0.0138274 0.0137842 0.0045652 0.0137842 0.0091600 0.0091600 0.0184374 0.0137942 0.0184394 0.0184544 0.0137954 0.0137827 0.0184394 0.0184529 0.0184529 0.0291696 0.0278796 0.0184498 0.0231765 0.0231943 0.0231736 0.0137842 0.0231218 0.0137954 0.0091653 0.0091864 0.0341839 0.0091864 0.0138148 0.0231604 0.0184961 0.0137932 0.0184374 0.0231407 0.0184524 0.0231908 0.0091590 0.0091652 0.0000000 0.0138125 0.0137925 0.0231388 0.0091810 0.0137827 0.0137827 0.0184805 0.0278804 0.0091663 0.0045680 0.0231598 0.0278827 0.0137947 0.0232156 0.0280551 0.0091654 0.0231388 0.0138036 0.0184394 0.0340600 0.0138058 0.0184374 0.0184544 0.0137827 0.0091665 0.0137827 0.0137842 0.0231598 0.0184732 0.0137938 0.0231743 
EPI_ISL_20289730 0.0091779 0.0185353 0.0091789 0.0091779 0.0091789 0.0045746 0.0045746 0.0231686 0.0091855 0.0138140 0.0091789 0.0000029 0.0045746 0.0138140 0.0138240 0.0231884 0.0341706 0.0327003 0.0138141 0.0279606 0.0279824 0.0279570 0.0091789 0.0184768 0.0000029 0.0045748 0.0138447 0.0392327 0.0138447 0.0185183 0.0138240 0.0232435 0.0091845 0.0231686 0.0091713 0.0091862 0.0279779 0.0091779 0.0045746 0.0138125 0.0000000 0.0091844 0.0184904 0.0138447 0.0091779 0.0045746 0.0185202 0.0327012 0.0045779 0.0091835 0.0279400 0.0327040 0.0091855 0.0092001 0.0233374 0.0045774 0.0138240 0.0000029 0.0138140 0.0341368 0.0000024 0.0231686 0.0045714 0.0184748 0.0138225 0.0184748 0.0091789 0.0091786 0.0138226 0.0138236 0.0279408 
EPI_ISL_20289732 0.0091654 0.0185088 0.0000010 0.0091654 0.0000010 0.0045684 0.0045684 0.0231357 0.0000010 0.0045689 0.0045725 0.0091738 0.0091654 0.0137940 0.0045722 0.0231554 0.0341190 0.0326526 0.0045717 0.0279202 0.0279419 0.0279165 0.0091664 0.0091664 0.0091738 0.0045712 0.0138335 0.0391730 0.0138335 0.0184919 0.0091813 0.0232103 0.0000029 0.0231357 0.0184655 0.0138036 0.0279374 0.0137910 0.0045711 0.0137925 0.0091844 0.0000000 0.0184640 0.0138247 0.0091654 0.0091654 0.0231905 0.0326535 0.0045717 0.0091707 0.0278996 0.0326562 0.0091728 0.0185247 0.0233179 0.0045684 0.0091730 0.0091738 0.0137940 0.0390297 0.0091801 0.0231357 0.0138052 0.0184485 0.0138025 0.0184485 0.0091664 0.0184806 0.0138196 0.0184635 0.0279173 
EPI_ISL_20289735 0.0184509 0.0279474 0.0184529 0.0184509 0.0184529 0.0137942 0.0137942 0.0326026 0.0184663 0.0231414 0.0231604 0.0184679 0.0184509 0.0231414 0.0231585 0.0326309 0.0440536 0.0422601 0.0231555 0.0374732 0.0375031 0.0374678 0.0184529 0.0278573 0.0184679 0.0138032 0.0232081 0.0491863 0.0232081 0.0279213 0.0279044 0.0327103 0.0184633 0.0231388 0.0278804 0.0231578 0.0374965 0.0231362 0.0138030 0.0231388 0.0184904 0.0184640 0.0000000 0.0231939 0.0184509 0.0184509 0.0326818 0.0422614 0.0138047 0.0184613 0.0374446 0.0422649 0.0138047 0.0279717 0.0328657 0.0138025 0.0278781 0.0184790 0.0231414 0.0490027 0.0138158 0.0326026 0.0231604 0.0278542 0.0231559 0.0278542 0.0184529 0.0279036 0.0045701 0.0278773 0.0374689 
EPI_ISL_20289737 0.0045756 0.0138597 0.0138164 0.0045756 0.0138164 0.0091810 0.0091810 0.0184808 0.0138264 0.0184828 0.0184979 0.0138276 0.0138148 0.0184828 0.0184964 0.0184964 0.0292428 0.0279468 0.0184933 0.0232318 0.0232497 0.0232289 0.0138164 0.0231768 0.0138276 0.0091864 0.0000029 0.0342706 0.0000029 0.0045648 0.0232156 0.0185398 0.0138253 0.0184808 0.0231959 0.0184958 0.0232461 0.0091800 0.0091863 0.0091810 0.0138447 0.0138247 0.0231939 0.0000000 0.0138148 0.0138148 0.0185241 0.0279476 0.0091874 0.0000029 0.0232150 0.0279500 0.0138268 0.0232711 0.0281232 0.0091865 0.0231939 0.0138359 0.0184828 0.0341461 0.0138380 0.0184808 0.0184979 0.0138148 0.0091876 0.0138148 0.0138164 0.0232150 0.0185168 0.0138260 0.0232296 
EPI_ISL_20289740 0.0091590 0.0184956 0.0091600 0.0091590 0.0091600 0.0045652 0.0045652 0.0231192 0.0091666 0.0137842 0.0137954 0.0091673 0.0091590 0.0137842 0.0137942 0.0231388 0.0340936 0.0326290 0.0137932 0.0279001 0.0279218 0.0278965 0.0091600 0.0184374 0.0091673 0.0045680 0.0138237 0.0391437 0.0138237 0.0184787 0.0184679 0.0231937 0.0091653 0.0231192 0.0184524 0.0137938 0.0279173 0.0137812 0.0045679 0.0137827 0.0091779 0.0091654 0.0184509 0.0138148 0.0000000 0.0091590 0.0231739 0.0326300 0.0045685 0.0091643 0.0278796 0.0326327 0.0091663 0.0185114 0.0233011 0.0045679 0.0184509 0.0091727 0.0137842 0.0390005 0.0091736 0.0231192 0.0137954 0.0184353 0.0137927 0.0184353 0.0091600 0.0184674 0.0138098 0.0184503 0.0278973 
EPI_ISL_20289745 0.0091590 0.0184956 0.0091600 0.0091590 0.0091600 0.0045652 0.0045652 0.0231192 0.0091666 0.0137842 0.0137954 0.0091673 0.0000010 0.0137842 0.0137942 0.0231388 0.0340936 0.0326290 0.0091663 0.0279001 0.0279218 0.0278965 0.0091600 0.0184374 0.0091673 0.0000029 0.0091864 0.0391437 0.0091864 0.0184787 0.0184679 0.0231937 0.0091653 0.0231192 0.0184524 0.0045688 0.0279173 0.0045647 0.0045679 0.0137827 0.0045746 0.0091654 0.0184509 0.0138148 0.0091590 0.0000000 0.0138146 0.0326300 0.0045685 0.0091643 0.0278796 0.0326327 0.0091663 0.0185114 0.0233011 0.0045679 0.0091665 0.0091727 0.0137842 0.0291376 0.0091736 0.0231192 0.0137954 0.0184353 0.0137927 0.0184353 0.0091600 0.0184674 0.0091771 0.0091663 0.0278973 
EPI_ISL_20289747 0.0138146 0.0232507 0.0231765 0.0138146 0.0231765 0.0184805 0.0184805 0.0279001 0.0231934 0.0279032 0.0279264 0.0231956 0.0138146 0.0279032 0.0279241 0.0279241 0.0391434 0.0375041 0.0231933 0.0327366 0.0327624 0.0327321 0.0231765 0.0326571 0.0231956 0.0138251 0.0138573 0.0442464 0.0138573 0.0232292 0.0327130 0.0279913 0.0231907 0.0279001 0.0326846 0.0184956 0.0327569 0.0091799 0.0184908 0.0184805 0.0185202 0.0231905 0.0326818 0.0185241 0.0231739 0.0138146 0.0000000 0.0279474 0.0184931 0.0138235 0.0327121 0.0375083 0.0231933 0.0327931 0.0377469 0.0184916 0.0231937 0.0232096 0.0184826 0.0341458 0.0232124 0.0279001 0.0279264 0.0231739 0.0184941 0.0231739 0.0231765 0.0327121 0.0232217 0.0138258 0.0232293 
EPI_ISL_20289750 0.0231578 0.0327405 0.0326336 0.0231578 0.0326336 0.0278804 0.0278804 0.0374139 0.0326575 0.0374181 0.0374488 0.0326610 0.0326300 0.0374181 0.0374457 0.0374457 0.0491018 0.0471510 0.0374403 0.0423340 0.0423680 0.0423271 0.0326336 0.0422288 0.0326610 0.0278976 0.0279649 0.0542811 0.0279649 0.0327096 0.0423024 0.0375382 0.0326539 0.0374139 0.0422649 0.0374446 0.0423603 0.0278773 0.0278973 0.0278804 0.0327012 0.0326535 0.0422614 0.0279476 0.0326300 0.0326300 0.0279474 0.0000000 0.0279007 0.0231720 0.0423011 0.0471564 0.0326576 0.0424083 0.0474631 0.0278973 0.0422614 0.0326809 0.0278835 0.0540764 0.0326850 0.0374139 0.0374488 0.0326300 0.0279012 0.0326300 0.0326336 0.0423011 0.0374885 0.0326574 0.0045684 
EPI_ISL_20289754 0.0045685 0.0138378 0.0045690 0.0045685 0.0045690 0.0000029 0.0000029 0.0184498 0.0045723 0.0091673 0.0091746 0.0045726 0.0045685 0.0091673 0.0091739 0.0184654 0.0291920 0.0278999 0.0091727 0.0231933 0.0232111 0.0231903 0.0000029 0.0137947 0.0045726 0.0000029 0.0091929 0.0342097 0.0091929 0.0138253 0.0138174 0.0185088 0.0045716 0.0184498 0.0138058 0.0091736 0.0232075 0.0091653 0.0000029 0.0091663 0.0045779 0.0045717 0.0138047 0.0091874 0.0045685 0.0045685 0.0184931 0.0279007 0.0000000 0.0045711 0.0231765 0.0279030 0.0045721 0.0138496 0.0185945 0.0000029 0.0138047 0.0045753 0.0091673 0.0340857 0.0045757 0.0184498 0.0091746 0.0137932 0.0091729 0.0137932 0.0045690 0.0138170 0.0091838 0.0138043 0.0231910 
EPI_ISL_20289756 0.0000029 0.0091936 0.0091653 0.0000029 0.0091653 0.0045680 0.0045680 0.0137917 0.0091719 0.0137932 0.0138043 0.0091726 0.0091643 0.0137932 0.0138032 0.0138032 0.0242798 0.0231713 0.0138016 0.0184910 0.0185051 0.0184898 0.0091653 0.0184477 0.0091726 0.0045706 0.0000029 0.0292618 0.0000029 0.0045675 0.0184784 0.0138351 0.0091706 0.0137917 0.0184628 0.0138028 0.0185024 0.0045675 0.0045705 0.0045680 0.0091835 0.0091707 0.0184613 0.0000029 0.0091643 0.0091643 0.0138235 0.0231720 0.0045711 0.0000000 0.0184779 0.0231739 0.0091717 0.0185221 0.0233154 0.0045707 0.0184613 0.0091781 0.0137932 0.0291567 0.0091790 0.0137917 0.0138043 0.0091643 0.0045712 0.0091643 0.0091653 0.0184779 0.0138183 0.0091716 0.0184904 
EPI_ISL_20292429 0.0184674 0.0279730 0.0278827 0.0184674 0.0278827 0.0231598 0.0231598 0.0326327 0.0279030 0.0326364 0.0326638 0.0279059 0.0278796 0.0231624 0.0326610 0.0326610 0.0048193 0.0045655 0.0326566 0.0375083 0.0375382 0.0000029 0.0278827 0.0374170 0.0279059 0.0231739 0.0232292 0.0096723 0.0232292 0.0279468 0.0374807 0.0327405 0.0278999 0.0326327 0.0374477 0.0326601 0.0375317 0.0231572 0.0231736 0.0231598 0.0279400 0.0278996 0.0374446 0.0232150 0.0278796 0.0278796 0.0327121 0.0423011 0.0231765 0.0184779 0.0000000 0.0045660 0.0279030 0.0375737 0.0425764 0.0231737 0.0374446 0.0279228 0.0326364 0.0193623 0.0279262 0.0326327 0.0326638 0.0278796 0.0231769 0.0278796 0.0184695 0.0374796 0.0326975 0.0279028 0.0375041 
EPI_ISL_20292433 0.0231598 0.0327433 0.0326364 0.0231598 0.0326364 0.0278827 0.0278827 0.0374170 0.0326602 0.0374212 0.0374520 0.0326638 0.0326327 0.0278858 0.0374488 0.0374488 0.0096491 0.0091605 0.0374434 0.0423376 0.0423716 0.0045686 0.0326364 0.0422323 0.0326638 0.0278999 0.0279672 0.0145277 0.0279672 0.0327124 0.0423059 0.0375414 0.0326566 0.0374170 0.0422685 0.0374477 0.0423639 0.0278796 0.0278996 0.0278827 0.0327040 0.0326562 0.0422649 0.0279500 0.0326327 0.0326327 0.0375083 0.0471564 0.0279030 0.0231739 0.0045660 0.0000000 0.0326603 0.0424118 0.0474671 0.0278996 0.0422649 0.0326837 0.0374212 0.0242429 0.0326877 0.0374170 0.0374520 0.0326327 0.0279036 0.0326327 0.0231624 0.0423047 0.0374917 0.0326601 0.0423319 
EPI_ISL_20292435 0.0091663 0.0185103 0.0091673 0.0091663 0.0091673 0.0045690 0.0045690 0.0231384 0.0091739 0.0137962 0.0138074 0.0091746 0.0091663 0.0137962 0.0138062 0.0231581 0.0341232 0.0326566 0.0138046 0.0279236 0.0279453 0.0279199 0.0091673 0.0184519 0.0091746 0.0045716 0.0138352 0.0391778 0.0138352 0.0184933 0.0184825 0.0232130 0.0091727 0.0184498 0.0184669 0.0138058 0.0279408 0.0137932 0.0045715 0.0137947 0.0091855 0.0091728 0.0138047 0.0138268 0.0091663 0.0091663 0.0231933 0.0326576 0.0045721 0.0091717 0.0279030 0.0326603 0.0000000 0.0185262 0.0233206 0.0045717 0.0184654 0.0091801 0.0137962 0.0390344 0.0091749 0.0231384 0.0138074 0.0184498 0.0138047 0.0184498 0.0091673 0.0184820 0.0138214 0.0184649 0.0279207 
EPI_ISL_20292436 0.0185114 0.0280415 0.0185135 0.0185114 0.0185135 0.0138391 0.0138391 0.0327133 0.0185270 0.0232182 0.0232374 0.0091894 0.0185114 0.0232182 0.0232355 0.0327418 0.0442120 0.0424070 0.0232325 0.0376025 0.0376325 0.0375973 0.0185135 0.0279508 0.0091894 0.0138480 0.0232854 0.0493655 0.0232854 0.0280152 0.0279982 0.0328217 0.0185241 0.0327133 0.0184979 0.0232348 0.0376260 0.0232130 0.0138478 0.0232156 0.0092001 0.0185247 0.0279717 0.0232711 0.0185114 0.0185114 0.0327931 0.0424083 0.0138496 0.0185221 0.0375737 0.0424118 0.0185262 0.0000000 0.0329780 0.0138475 0.0279717 0.0091949 0.0232182 0.0491805 0.0091958 0.0327133 0.0138291 0.0279476 0.0232329 0.0242623 0.0185135 0.0185130 0.0232610 0.0279709 0.0375984 
