34
EPI_ISL_20287733 0.0000000 0.0036423 0.0036423 0.0042520 0.0048614 0.0042524 0.0042524 0.0042524 0.0048614 0.0036444 0.0024252 0.0036433 0.0024252 0.0036423 0.0024241 0.0030342 0.0042524 0.0024247 0.0018179 0.0024245 0.0042524 0.0024247 0.0042537 0.0030345 0.0030342 0.0042537 0.0024241 0.0024245 0.0036433 0.0048618 0.0042520 0.0024257 0.0024245 0.0036441 
EPI_ISL_20287737 0.0036423 0.0000000 0.0000010 0.0006053 0.0012112 0.0006053 0.0006053 0.0006053 0.0012112 0.0000010 0.0036427 0.0048623 0.0036427 0.0048609 0.0036410 0.0042524 0.0006053 0.0036420 0.0030334 0.0036417 0.0006053 0.0036420 0.0006055 0.0042527 0.0042524 0.0006055 0.0036410 0.0036417 0.0048623 0.0024247 0.0006053 0.0036435 0.0036417 0.0000010 
EPI_ISL_20287738 0.0036423 0.0000010 0.0000000 0.0006053 0.0012112 0.0006053 0.0006053 0.0006053 0.0012112 0.0000010 0.0036427 0.0048623 0.0036427 0.0048609 0.0036410 0.0042524 0.0006053 0.0036420 0.0030334 0.0036417 0.0006053 0.0036420 0.0006055 0.0042527 0.0042524 0.0006055 0.0036410 0.0036417 0.0048623 0.0024247 0.0006053 0.0036435 0.0036417 0.0000010 
EPI_ISL_20287743 0.0042520 0.0006053 0.0006053 0.0000000 0.0018177 0.0012114 0.0012114 0.0012114 0.0018177 0.0006056 0.0042524 0.0054743 0.0042524 0.0054728 0.0042504 0.0048623 0.0012114 0.0042516 0.0036423 0.0042512 0.0012114 0.0042516 0.0012118 0.0048627 0.0048623 0.0012118 0.0042504 0.0042512 0.0054743 0.0030337 0.0012113 0.0042533 0.0042512 0.0006056 
EPI_ISL_20287745 0.0048614 0.0012112 0.0012112 0.0018177 0.0000000 0.0018179 0.0018179 0.0018179 0.0000010 0.0012118 0.0048618 0.0060855 0.0048618 0.0060838 0.0048596 0.0054738 0.0018179 0.0048609 0.0042516 0.0048605 0.0018179 0.0048609 0.0018185 0.0054742 0.0054738 0.0018185 0.0048596 0.0048605 0.0060855 0.0036423 0.0018177 0.0048630 0.0048605 0.0012117 
EPI_ISL_20287746 0.0042524 0.0006053 0.0006053 0.0012114 0.0018179 0.0000000 0.0012115 0.0012115 0.0018179 0.0006057 0.0042527 0.0054748 0.0042527 0.0054733 0.0042508 0.0048627 0.0012115 0.0042520 0.0036427 0.0042516 0.0012115 0.0042520 0.0012119 0.0048632 0.0048627 0.0012119 0.0042508 0.0042516 0.0054748 0.0030339 0.0012114 0.0042537 0.0042516 0.0006056 
EPI_ISL_20287747 0.0042524 0.0006053 0.0006053 0.0012114 0.0018179 0.0012115 0.0000000 0.0000010 0.0018179 0.0006057 0.0042527 0.0054748 0.0042527 0.0054733 0.0042508 0.0048627 0.0012115 0.0042520 0.0036427 0.0042516 0.0012115 0.0042520 0.0012119 0.0048632 0.0048627 0.0012119 0.0042508 0.0042516 0.0054748 0.0030339 0.0012114 0.0042537 0.0042516 0.0006056 
EPI_ISL_20287748 0.0042524 0.0006053 0.0006053 0.0012114 0.0018179 0.0012115 0.0000010 0.0000000 0.0018179 0.0006057 0.0042527 0.0054748 0.0042527 0.0054733 0.0042508 0.0048627 0.0012115 0.0042520 0.0036427 0.0042516 0.0012115 0.0042520 0.0012119 0.0048632 0.0048627 0.0012119 0.0042508 0.0042516 0.0054748 0.0030339 0.0012114 0.0042537 0.0042516 0.0006056 
EPI_ISL_20287750 0.0048614 0.0012112 0.0012112 0.0018177 0.0000010 0.0018179 0.0018179 0.0018179 0.0000000 0.0012118 0.0048618 0.0060855 0.0048618 0.0060838 0.0048596 0.0054738 0.0018179 0.0048609 0.0042516 0.0048605 0.0018179 0.0048609 0.0018185 0.0054742 0.0054738 0.0018185 0.0048596 0.0048605 0.0060855 0.0036423 0.0018177 0.0048630 0.0048605 0.0012117 
EPI_ISL_20287758 0.0036444 0.0000010 0.0000010 0.0006056 0.0012118 0.0006057 0.0006057 0.0006057 0.0012118 0.0000000 0.0036447 0.0048651 0.0036447 0.0048637 0.0036431 0.0042548 0.0006057 0.0036440 0.0030351 0.0036437 0.0006057 0.0036440 0.0006059 0.0042551 0.0042548 0.0006059 0.0036431 0.0036437 0.0048651 0.0024261 0.0006056 0.0036455 0.0036437 0.0000010 
EPI_ISL_20297762 0.0024252 0.0036427 0.0036427 0.0042524 0.0048618 0.0042527 0.0042527 0.0042527 0.0048618 0.0036447 0.0000000 0.0036436 0.0000010 0.0036426 0.0024243 0.0030345 0.0042527 0.0024249 0.0018181 0.0024247 0.0042527 0.0024249 0.0042541 0.0006055 0.0030345 0.0042541 0.0024243 0.0024247 0.0036436 0.0048623 0.0042524 0.0024260 0.0024247 0.0036444 
EPI_ISL_20297763 0.0036433 0.0048623 0.0048623 0.0054743 0.0060855 0.0054748 0.0054748 0.0054748 0.0060855 0.0048651 0.0036436 0.0000000 0.0036436 0.0048623 0.0036420 0.0006055 0.0054748 0.0036430 0.0030342 0.0036427 0.0054748 0.0036430 0.0054765 0.0042539 0.0006055 0.0054765 0.0036420 0.0036427 0.0012118 0.0060861 0.0054743 0.0036445 0.0036427 0.0048647 
EPI_ISL_20297764 0.0024252 0.0036427 0.0036427 0.0042524 0.0048618 0.0042527 0.0042527 0.0042527 0.0048618 0.0036447 0.0000010 0.0036436 0.0000000 0.0036426 0.0024243 0.0030345 0.0042527 0.0024249 0.0018181 0.0024247 0.0042527 0.0024249 0.0042541 0.0006055 0.0030345 0.0042541 0.0024243 0.0024247 0.0036436 0.0048623 0.0042524 0.0024260 0.0024247 0.0036444 
EPI_ISL_20297765 0.0036423 0.0048609 0.0048609 0.0054728 0.0060838 0.0054733 0.0054733 0.0054733 0.0060838 0.0048637 0.0036426 0.0048623 0.0036426 0.0000000 0.0036410 0.0042523 0.0054733 0.0012111 0.0018177 0.0036417 0.0054733 0.0012111 0.0054750 0.0042527 0.0042523 0.0054750 0.0036410 0.0024243 0.0048623 0.0060843 0.0054728 0.0036435 0.0024243 0.0048633 
EPI_ISL_20297766 0.0024241 0.0036410 0.0036410 0.0042504 0.0048596 0.0042508 0.0042508 0.0042508 0.0048596 0.0036431 0.0024243 0.0036420 0.0024243 0.0036410 0.0000000 0.0030331 0.0042508 0.0024238 0.0018172 0.0024236 0.0042508 0.0024238 0.0042522 0.0030334 0.0030331 0.0042522 0.0000010 0.0024236 0.0036420 0.0048600 0.0042504 0.0024248 0.0024236 0.0036428 
EPI_ISL_20297767 0.0030342 0.0042524 0.0042524 0.0048623 0.0054738 0.0048627 0.0048627 0.0048627 0.0054738 0.0042548 0.0030345 0.0006055 0.0030345 0.0042523 0.0030331 0.0000000 0.0048627 0.0030339 0.0024252 0.0030337 0.0048627 0.0030339 0.0048643 0.0036440 0.0000010 0.0048643 0.0030331 0.0030337 0.0006055 0.0054743 0.0048623 0.0030352 0.0030337 0.0042544 
EPI_ISL_20297768 0.0042524 0.0006053 0.0006053 0.0012114 0.0018179 0.0012115 0.0012115 0.0012115 0.0018179 0.0006057 0.0042527 0.0054748 0.0042527 0.0054733 0.0042508 0.0048627 0.0000000 0.0042520 0.0036427 0.0042516 0.0000010 0.0042520 0.0012119 0.0048632 0.0048627 0.0012119 0.0042508 0.0042516 0.0054748 0.0018181 0.0012114 0.0042537 0.0042516 0.0006056 
EPI_ISL_20297771 0.0024247 0.0036420 0.0036420 0.0042516 0.0048609 0.0042520 0.0042520 0.0042520 0.0048609 0.0036440 0.0024249 0.0036430 0.0024249 0.0012111 0.0024238 0.0030339 0.0042520 0.0000000 0.0006053 0.0024243 0.0042520 0.0000010 0.0042533 0.0030342 0.0030339 0.0042533 0.0024238 0.0012110 0.0036430 0.0048614 0.0042516 0.0024255 0.0012110 0.0036438 
EPI_ISL_20297772 0.0018179 0.0030334 0.0030334 0.0036423 0.0042516 0.0036427 0.0036427 0.0036427 0.0042516 0.0030351 0.0018181 0.0030342 0.0018181 0.0018177 0.0018172 0.0024252 0.0036427 0.0006053 0.0000000 0.0018176 0.0036427 0.0006053 0.0036438 0.0024254 0.0024252 0.0036438 0.0018172 0.0006052 0.0030342 0.0042520 0.0036423 0.0018185 0.0006052 0.0030349 
EPI_ISL_20297773 0.0024245 0.0036417 0.0036417 0.0042512 0.0048605 0.0042516 0.0042516 0.0042516 0.0048605 0.0036437 0.0024247 0.0036427 0.0024247 0.0036417 0.0024236 0.0030337 0.0042516 0.0024243 0.0018176 0.0000000 0.0042516 0.0024243 0.0042529 0.0030339 0.0030337 0.0042529 0.0024236 0.0024241 0.0036427 0.0048609 0.0042512 0.0024253 0.0024241 0.0036434 
EPI_ISL_20297775 0.0042524 0.0006053 0.0006053 0.0012114 0.0018179 0.0012115 0.0012115 0.0012115 0.0018179 0.0006057 0.0042527 0.0054748 0.0042527 0.0054733 0.0042508 0.0048627 0.0000010 0.0042520 0.0036427 0.0042516 0.0000000 0.0042520 0.0012119 0.0048632 0.0048627 0.0012119 0.0042508 0.0042516 0.0054748 0.0018181 0.0012114 0.0042537 0.0042516 0.0006056 
EPI_ISL_20297778 0.0024247 0.0036420 0.0036420 0.0042516 0.0048609 0.0042520 0.0042520 0.0042520 0.0048609 0.0036440 0.0024249 0.0036430 0.0024249 0.0012111 0.0024238 0.0030339 0.0042520 0.0000010 0.0006053 0.0024243 0.0042520 0.0000000 0.0042533 0.0030342 0.0030339 0.0042533 0.0024238 0.0012110 0.0036430 0.0048614 0.0042516 0.0024255 0.0012110 0.0036438 
EPI_ISL_20297779 0.0042537 0.0006055 0.0006055 0.0012118 0.0018185 0.0012119 0.0012119 0.0012119 0.0018185 0.0006059 0.0042541 0.0054765 0.0042541 0.0054750 0.0042522 0.0048643 0.0012119 0.0042533 0.0036438 0.0042529 0.0012119 0.0042533 0.0000000 0.0048647 0.0048643 0.0000010 0.0042522 0.0042529 0.0054765 0.0030349 0.0012118 0.0042551 0.0042529 0.0006058 
EPI_ISL_20297781 0.0030345 0.0042527 0.0042527 0.0048627 0.0054742 0.0048632 0.0048632 0.0048632 0.0054742 0.0042551 0.0006055 0.0042539 0.0006055 0.0042527 0.0030334 0.0036440 0.0048632 0.0030342 0.0024254 0.0030339 0.0048632 0.0030342 0.0048647 0.0000000 0.0036440 0.0048647 0.0030334 0.0030339 0.0042539 0.0054747 0.0048627 0.0030354 0.0030339 0.0042548 
EPI_ISL_20297783 0.0030342 0.0042524 0.0042524 0.0048623 0.0054738 0.0048627 0.0048627 0.0048627 0.0054738 0.0042548 0.0030345 0.0006055 0.0030345 0.0042523 0.0030331 0.0000010 0.0048627 0.0030339 0.0024252 0.0030337 0.0048627 0.0030339 0.0048643 0.0036440 0.0000000 0.0048643 0.0030331 0.0030337 0.0006055 0.0054743 0.0048623 0.0030352 0.0030337 0.0042544 
EPI_ISL_20297784 0.0042537 0.0006055 0.0006055 0.0012118 0.0018185 0.0012119 0.0012119 0.0012119 0.0018185 0.0006059 0.0042541 0.0054765 0.0042541 0.0054750 0.0042522 0.0048643 0.0012119 0.0042533 0.0036438 0.0042529 0.0012119 0.0042533 0.0000010 0.0048647 0.0048643 0.0000000 0.0042522 0.0042529 0.0054765 0.0030349 0.0012118 0.0042551 0.0042529 0.0006058 
EPI_ISL_20297786 0.0024241 0.0036410 0.0036410 0.0042504 0.0048596 0.0042508 0.0042508 0.0042508 0.0048596 0.0036431 0.0024243 0.0036420 0.0024243 0.0036410 0.0000010 0.0030331 0.0042508 0.0024238 0.0018172 0.0024236 0.0042508 0.0024238 0.0042522 0.0030334 0.0030331 0.0042522 0.0000000 0.0024236 0.0036420 0.0048600 0.0042504 0.0024248 0.0024236 0.0036428 
EPI_ISL_20297790 0.0024245 0.0036417 0.0036417 0.0042512 0.0048605 0.0042516 0.0042516 0.0042516 0.0048605 0.0036437 0.0024247 0.0036427 0.0024247 0.0024243 0.0024236 0.0030337 0.0042516 0.0012110 0.0006052 0.0024241 0.0042516 0.0012110 0.0042529 0.0030339 0.0030337 0.0042529 0.0024236 0.0000000 0.0036427 0.0048609 0.0042512 0.0024253 0.0000010 0.0036434 
EPI_ISL_20297792 0.0036433 0.0048623 0.0048623 0.0054743 0.0060855 0.0054748 0.0054748 0.0054748 0.0060855 0.0048651 0.0036436 0.0012118 0.0036436 0.0048623 0.0036420 0.0006055 0.0054748 0.0036430 0.0030342 0.0036427 0.0054748 0.0036430 0.0054765 0.0042539 0.0006055 0.0054765 0.0036420 0.0036427 0.0000000 0.0060861 0.0054743 0.0036445 0.0036427 0.0048647 
EPI_ISL_20297794 0.0048618 0.0024247 0.0024247 0.0030337 0.0036423 0.0030339 0.0030339 0.0030339 0.0036423 0.0024261 0.0048623 0.0060861 0.0048623 0.0060843 0.0048600 0.0054743 0.0018181 0.0048614 0.0042520 0.0048609 0.0018181 0.0048614 0.0030349 0.0054747 0.0054743 0.0030349 0.0048600 0.0048609 0.0060861 0.0000000 0.0030337 0.0048634 0.0048609 0.0024259 
EPI_ISL_20297795 0.0042520 0.0006053 0.0006053 0.0012113 0.0018177 0.0012114 0.0012114 0.0012114 0.0018177 0.0006056 0.0042524 0.0054743 0.0042524 0.0054728 0.0042504 0.0048623 0.0012114 0.0042516 0.0036423 0.0042512 0.0012114 0.0042516 0.0012118 0.0048627 0.0048623 0.0012118 0.0042504 0.0042512 0.0054743 0.0030337 0.0000000 0.0042533 0.0042512 0.0006056 
EPI_ISL_20297796 0.0024257 0.0036435 0.0036435 0.0042533 0.0048630 0.0042537 0.0042537 0.0042537 0.0048630 0.0036455 0.0024260 0.0036445 0.0024260 0.0036435 0.0024248 0.0030352 0.0042537 0.0024255 0.0018185 0.0024253 0.0042537 0.0024255 0.0042551 0.0030354 0.0030352 0.0042551 0.0024248 0.0024253 0.0036445 0.0048634 0.0042533 0.0000000 0.0024253 0.0036453 
EPI_ISL_20297807 0.0024245 0.0036417 0.0036417 0.0042512 0.0048605 0.0042516 0.0042516 0.0042516 0.0048605 0.0036437 0.0024247 0.0036427 0.0024247 0.0024243 0.0024236 0.0030337 0.0042516 0.0012110 0.0006052 0.0024241 0.0042516 0.0012110 0.0042529 0.0030339 0.0030337 0.0042529 0.0024236 0.0000010 0.0036427 0.0048609 0.0042512 0.0024253 0.0000000 0.0036434 
EPI_ISL_20297809 0.0036441 0.0000010 0.0000010 0.0006056 0.0012117 0.0006056 0.0006056 0.0006056 0.0012117 0.0000010 0.0036444 0.0048647 0.0036444 0.0048633 0.0036428 0.0042544 0.0006056 0.0036438 0.0030349 0.0036434 0.0006056 0.0036438 0.0006058 0.0042548 0.0042544 0.0006058 0.0036428 0.0036434 0.0048647 0.0024259 0.0006056 0.0036453 0.0036434 0.0000000 
