60
EPI_ISL_20281763 0.0000000 0.0075202 0.0000028 0.0050046 0.0050048 0.0024977 0.0151291 0.0151236 0.0176843 0.0100703 0.0125854 0.0050048 0.0135669 0.0050059 0.0075206 0.0151363 0.0100587 0.0100458 0.0100683 0.0203465 0.0050162 0.0126084 0.0050041 0.0126132 0.0075365 0.0125880 0.0075229 0.0177652 0.0075214 0.0075210 0.0024977 0.0050048 0.0075202 0.0100544 0.0100494 0.0000010 0.0050046 0.0151291 0.0125873 0.0075210 0.0100489 0.0075210 0.0050059 0.0151366 0.0075202 0.0024978 0.0151400 0.0125827 0.0075198 0.0075369 0.0075229 0.0176843 0.0100494 0.0024978 0.0203450 0.0151307 0.0024977 0.0202920 0.0075198 0.0024975 
EPI_ISL_20281784 0.0075202 0.0000000 0.0075239 0.0075210 0.0024972 0.0050048 0.0125814 0.0125768 0.0151251 0.0075369 0.0100473 0.0075214 0.0108291 0.0075229 0.0100463 0.0125873 0.0075283 0.0125808 0.0126092 0.0126431 0.0075386 0.0100656 0.0075202 0.0100694 0.0100677 0.0100494 0.0050048 0.0100931 0.0050038 0.0050035 0.0050048 0.0024972 0.0050030 0.0075251 0.0075214 0.0075202 0.0075210 0.0125814 0.0100489 0.0050035 0.0075210 0.0050035 0.0075229 0.0125877 0.0000010 0.0100458 0.0125904 0.0100452 0.0100452 0.0050141 0.0050048 0.0151251 0.0075214 0.0100458 0.0177640 0.0125827 0.0100452 0.0177179 0.0100452 0.0100442 
EPI_ISL_20281809 0.0000028 0.0075239 0.0000000 0.0050071 0.0050073 0.0024989 0.0151374 0.0151319 0.0176930 0.0100754 0.0100543 0.0050073 0.0135742 0.0050074 0.0075243 0.0151445 0.0100636 0.0100506 0.0100734 0.0177777 0.0050178 0.0126142 0.0050066 0.0126190 0.0075403 0.0125947 0.0075267 0.0152056 0.0075251 0.0075247 0.0024989 0.0050073 0.0075239 0.0100593 0.0100543 0.0000028 0.0050071 0.0151374 0.0125940 0.0075247 0.0100538 0.0075247 0.0050074 0.0151449 0.0075239 0.0024991 0.0151482 0.0125894 0.0075236 0.0075407 0.0075267 0.0176930 0.0100543 0.0000028 0.0203552 0.0151390 0.0024989 0.0203021 0.0075236 0.0024987 
EPI_ISL_20281820 0.0050046 0.0075210 0.0050071 0.0000000 0.0050053 0.0024980 0.0151307 0.0151251 0.0176861 0.0100714 0.0125867 0.0050053 0.0135685 0.0050064 0.0075214 0.0151378 0.0100597 0.0050056 0.0100694 0.0203486 0.0050167 0.0126097 0.0050046 0.0126145 0.0025035 0.0125893 0.0075237 0.0177670 0.0075221 0.0075217 0.0024980 0.0050053 0.0075210 0.0100554 0.0100505 0.0050046 0.0000010 0.0151307 0.0125886 0.0075217 0.0100499 0.0075217 0.0050064 0.0151382 0.0075210 0.0075210 0.0151416 0.0125840 0.0075206 0.0075377 0.0075237 0.0176861 0.0100505 0.0075210 0.0203472 0.0151323 0.0075206 0.0202941 0.0075206 0.0075198 
EPI_ISL_20281863 0.0050048 0.0024972 0.0050073 0.0050053 0.0000000 0.0024981 0.0100478 0.0100442 0.0125827 0.0050159 0.0075225 0.0050056 0.0081067 0.0050066 0.0075217 0.0100525 0.0050102 0.0100473 0.0100699 0.0151997 0.0050170 0.0075361 0.0050048 0.0075390 0.0075377 0.0075241 0.0024981 0.0126398 0.0024976 0.0024975 0.0024981 0.0000010 0.0024972 0.0050080 0.0050056 0.0050048 0.0050053 0.0100478 0.0075237 0.0024975 0.0050053 0.0024975 0.0050066 0.0100528 0.0024972 0.0075214 0.0100550 0.0075210 0.0075210 0.0025027 0.0024981 0.0125827 0.0050056 0.0075214 0.0151987 0.0100489 0.0075210 0.0151594 0.0075210 0.0075202 
EPI_ISL_20281896 0.0024977 0.0050048 0.0024989 0.0024980 0.0024981 0.0000000 0.0125860 0.0125814 0.0151307 0.0075396 0.0100510 0.0024981 0.0108334 0.0024986 0.0050051 0.0125919 0.0075310 0.0075214 0.0075382 0.0177717 0.0025038 0.0100693 0.0024977 0.0100731 0.0050156 0.0100531 0.0050066 0.0151997 0.0050056 0.0050053 0.0000010 0.0024981 0.0050048 0.0075278 0.0075241 0.0024977 0.0024980 0.0125860 0.0100525 0.0050053 0.0075237 0.0050053 0.0024986 0.0125923 0.0050048 0.0050048 0.0125950 0.0100489 0.0050046 0.0050159 0.0050066 0.0151307 0.0075241 0.0050048 0.0177705 0.0125873 0.0050046 0.0177244 0.0050046 0.0050041 
EPI_ISL_20281961 0.0151291 0.0125814 0.0151374 0.0151307 0.0100478 0.0125860 0.0000000 0.0202437 0.0024980 0.0151634 0.0176881 0.0151315 0.0190730 0.0151347 0.0176861 0.0202608 0.0151455 0.0202500 0.0202965 0.0255327 0.0151667 0.0177207 0.0151291 0.0177275 0.0177244 0.0176918 0.0125860 0.0229302 0.0125834 0.0125827 0.0125860 0.0100478 0.0125814 0.0151390 0.0151315 0.0151291 0.0151307 0.0000010 0.0176908 0.0125827 0.0151307 0.0125827 0.0151347 0.0000010 0.0125814 0.0176853 0.0000010 0.0176843 0.0176843 0.0126097 0.0125860 0.0024980 0.0151315 0.0176853 0.0050284 0.0202533 0.0176843 0.0050156 0.0176843 0.0176824 
EPI_ISL_20282022 0.0151236 0.0125768 0.0151319 0.0151251 0.0100442 0.0125814 0.0202437 0.0000000 0.0228162 0.0151578 0.0176816 0.0151260 0.0135646 0.0151291 0.0176796 0.0202533 0.0151400 0.0202425 0.0202890 0.0255231 0.0151611 0.0177142 0.0151236 0.0177209 0.0177179 0.0176853 0.0125814 0.0229217 0.0125788 0.0125781 0.0125814 0.0100442 0.0125768 0.0151335 0.0151260 0.0151236 0.0151251 0.0202437 0.0176843 0.0125781 0.0151251 0.0125781 0.0151291 0.0202537 0.0125768 0.0176788 0.0202582 0.0176778 0.0176778 0.0126051 0.0125814 0.0228162 0.0151260 0.0176788 0.0255213 0.0202458 0.0176778 0.0254541 0.0176778 0.0176759 
EPI_ISL_20282028 0.0176843 0.0151251 0.0176930 0.0176861 0.0125827 0.0151307 0.0024980 0.0228162 0.0000000 0.0177244 0.0202523 0.0176871 0.0218411 0.0176908 0.0202500 0.0228356 0.0177035 0.0228234 0.0228760 0.0281387 0.0177283 0.0202899 0.0176843 0.0202976 0.0202941 0.0202565 0.0151307 0.0255258 0.0151275 0.0151267 0.0151307 0.0125827 0.0151251 0.0176959 0.0176871 0.0176843 0.0176861 0.0024980 0.0202554 0.0151267 0.0176861 0.0151267 0.0176908 0.0024992 0.0151251 0.0202491 0.0024997 0.0202479 0.0202479 0.0151594 0.0151307 0.0000010 0.0176871 0.0202491 0.0075566 0.0228271 0.0202479 0.0025035 0.0202479 0.0202458 
EPI_ISL_20282032 0.0100703 0.0075369 0.0100754 0.0100714 0.0050159 0.0075396 0.0151634 0.0151578 0.0177244 0.0000000 0.0126137 0.0100719 0.0135999 0.0100740 0.0126124 0.0151705 0.0100812 0.0151625 0.0151971 0.0203931 0.0100951 0.0126368 0.0100703 0.0126416 0.0126395 0.0126163 0.0075396 0.0178057 0.0075381 0.0075377 0.0075396 0.0050159 0.0075369 0.0100769 0.0100719 0.0100703 0.0100714 0.0151634 0.0075393 0.0075377 0.0100714 0.0075377 0.0100740 0.0151709 0.0075369 0.0126117 0.0151743 0.0126110 0.0126110 0.0075537 0.0025032 0.0177244 0.0100719 0.0126117 0.0203917 0.0151650 0.0126110 0.0203384 0.0126110 0.0126097 
EPI_ISL_20282034 0.0125854 0.0100473 0.0100543 0.0125867 0.0075225 0.0100510 0.0176881 0.0176816 0.0202523 0.0126137 0.0000000 0.0125874 0.0163162 0.0125900 0.0151315 0.0176964 0.0125990 0.0176871 0.0177275 0.0177680 0.0126165 0.0151610 0.0125854 0.0151668 0.0151642 0.0151363 0.0100510 0.0151966 0.0100489 0.0100484 0.0100510 0.0075225 0.0100473 0.0125936 0.0125874 0.0125854 0.0125867 0.0176881 0.0151355 0.0100484 0.0125867 0.0100484 0.0125900 0.0176969 0.0100473 0.0151308 0.0177008 0.0151300 0.0151300 0.0100698 0.0100510 0.0202523 0.0024976 0.0100473 0.0229361 0.0176899 0.0151300 0.0228760 0.0151300 0.0151284 
EPI_ISL_20282035 0.0050048 0.0075214 0.0050073 0.0050053 0.0050056 0.0024981 0.0151315 0.0151260 0.0176871 0.0100719 0.0125874 0.0000000 0.0135693 0.0050066 0.0075217 0.0151387 0.0100602 0.0100473 0.0100699 0.0203497 0.0050170 0.0126104 0.0050048 0.0126152 0.0075377 0.0125900 0.0075241 0.0177680 0.0075225 0.0075221 0.0024981 0.0050056 0.0075214 0.0100559 0.0100510 0.0050048 0.0050053 0.0151315 0.0125893 0.0075221 0.0100505 0.0075221 0.0050066 0.0151390 0.0075214 0.0075214 0.0151424 0.0125847 0.0075210 0.0075381 0.0075241 0.0176871 0.0100510 0.0075214 0.0203483 0.0151331 0.0075210 0.0202953 0.0075210 0.0075202 
EPI_ISL_20282054 0.0135669 0.0108291 0.0135742 0.0135685 0.0081067 0.0108334 0.0190730 0.0135646 0.0218411 0.0135999 0.0163162 0.0135693 0.0000000 0.0135723 0.0108346 0.0026924 0.0135828 0.0190718 0.0191188 0.0247505 0.0136031 0.0163486 0.0135669 0.0136016 0.0163523 0.0163198 0.0108334 0.0219497 0.0108310 0.0108303 0.0108334 0.0081067 0.0108291 0.0135765 0.0135693 0.0135669 0.0135685 0.0190730 0.0163189 0.0108303 0.0108303 0.0108303 0.0135723 0.0190832 0.0108291 0.0163134 0.0190730 0.0163124 0.0163124 0.0108553 0.0108334 0.0218411 0.0135693 0.0163134 0.0247486 0.0190751 0.0163124 0.0246785 0.0163124 0.0163106 
EPI_ISL_20282056 0.0050059 0.0075229 0.0050074 0.0050064 0.0050066 0.0024986 0.0151347 0.0151291 0.0176908 0.0100740 0.0125900 0.0050066 0.0135723 0.0000000 0.0075233 0.0151418 0.0100623 0.0100494 0.0100720 0.0152029 0.0050180 0.0126130 0.0050059 0.0126178 0.0075393 0.0125926 0.0075256 0.0126424 0.0075241 0.0075237 0.0024986 0.0050066 0.0075229 0.0100580 0.0100531 0.0050059 0.0050064 0.0151347 0.0125919 0.0075237 0.0100525 0.0075237 0.0050077 0.0151422 0.0075229 0.0075229 0.0151455 0.0125873 0.0075225 0.0075396 0.0075256 0.0176908 0.0100531 0.0075229 0.0203526 0.0100510 0.0075225 0.0202995 0.0075225 0.0075217 
EPI_ISL_20282058 0.0075206 0.0100463 0.0075243 0.0075214 0.0075217 0.0050051 0.0176861 0.0176796 0.0202500 0.0126124 0.0151315 0.0075217 0.0108346 0.0075233 0.0000000 0.0125932 0.0125976 0.0125814 0.0126098 0.0229350 0.0075390 0.0151594 0.0075206 0.0151651 0.0100682 0.0151347 0.0100499 0.0203432 0.0100478 0.0100473 0.0050051 0.0075217 0.0100463 0.0125923 0.0125860 0.0075206 0.0075214 0.0176861 0.0151339 0.0100473 0.0125853 0.0100473 0.0075233 0.0176949 0.0100463 0.0100463 0.0176988 0.0151283 0.0100458 0.0100687 0.0100499 0.0202500 0.0125860 0.0100463 0.0229334 0.0176880 0.0100458 0.0228733 0.0100458 0.0100447 
EPI_ISL_20282074 0.0151363 0.0125873 0.0151445 0.0151378 0.0100525 0.0125919 0.0202608 0.0202533 0.0228356 0.0151705 0.0176964 0.0151387 0.0026924 0.0151418 0.0125932 0.0000000 0.0151527 0.0202596 0.0203061 0.0255450 0.0151739 0.0177291 0.0151363 0.0177359 0.0177328 0.0177001 0.0125919 0.0229412 0.0125893 0.0125886 0.0125919 0.0100525 0.0125873 0.0151462 0.0151387 0.0151363 0.0151378 0.0202608 0.0176991 0.0125886 0.0151378 0.0125886 0.0151418 0.0202709 0.0125873 0.0176936 0.0202753 0.0176926 0.0176926 0.0126157 0.0125919 0.0228356 0.0151387 0.0176936 0.0255431 0.0202629 0.0176926 0.0254758 0.0176926 0.0176908 
EPI_ISL_20282075 0.0100587 0.0075283 0.0100636 0.0100597 0.0050102 0.0075310 0.0151455 0.0151400 0.0177035 0.0100812 0.0125990 0.0100602 0.0135828 0.0100623 0.0125976 0.0151527 0.0000000 0.0151447 0.0151792 0.0203687 0.0100834 0.0126221 0.0100587 0.0126269 0.0126247 0.0126016 0.0075310 0.0177845 0.0075294 0.0075290 0.0075310 0.0050102 0.0075283 0.0100652 0.0100602 0.0100587 0.0100597 0.0151455 0.0126009 0.0075290 0.0100597 0.0075290 0.0100623 0.0151531 0.0075283 0.0125970 0.0151564 0.0125963 0.0125963 0.0075450 0.0075310 0.0177035 0.0100602 0.0125970 0.0203673 0.0151471 0.0125963 0.0203141 0.0125963 0.0125950 
EPI_ISL_20282082 0.0100458 0.0125808 0.0100506 0.0050056 0.0100473 0.0075214 0.0202500 0.0202425 0.0228234 0.0151625 0.0176871 0.0100473 0.0190718 0.0100494 0.0125814 0.0202596 0.0151447 0.0000000 0.0151595 0.0255312 0.0100704 0.0177197 0.0100458 0.0177265 0.0075381 0.0176908 0.0125853 0.0229289 0.0125827 0.0125821 0.0075214 0.0100473 0.0125808 0.0151382 0.0151307 0.0100458 0.0050056 0.0202500 0.0176898 0.0125821 0.0151299 0.0125821 0.0100494 0.0202601 0.0125808 0.0125808 0.0202646 0.0176833 0.0125801 0.0126091 0.0125853 0.0228234 0.0151307 0.0125808 0.0255293 0.0202521 0.0125801 0.0254621 0.0125801 0.0125788 
EPI_ISL_20282089 0.0100683 0.0126092 0.0100734 0.0100694 0.0100699 0.0075382 0.0202965 0.0202890 0.0228760 0.0151971 0.0177275 0.0100699 0.0191188 0.0100720 0.0126098 0.0203061 0.0151792 0.0151595 0.0000000 0.0255907 0.0100931 0.0177603 0.0100683 0.0177670 0.0126370 0.0177312 0.0126138 0.0229820 0.0126112 0.0126105 0.0075382 0.0100699 0.0126092 0.0151727 0.0151651 0.0100683 0.0100694 0.0202965 0.0177302 0.0126105 0.0151643 0.0126105 0.0100720 0.0203066 0.0126092 0.0126092 0.0203111 0.0177236 0.0025038 0.0126376 0.0126138 0.0228760 0.0151651 0.0126092 0.0255888 0.0202986 0.0126085 0.0255213 0.0025038 0.0126072 
EPI_ISL_20282091 0.0203465 0.0126431 0.0177777 0.0203486 0.0151997 0.0177717 0.0255327 0.0255231 0.0281387 0.0203931 0.0177680 0.0203497 0.0247505 0.0152029 0.0229350 0.0255450 0.0203687 0.0255312 0.0255907 0.0000000 0.0203976 0.0229807 0.0203465 0.0229895 0.0229855 0.0229425 0.0177717 0.0024987 0.0177680 0.0177670 0.0177717 0.0151997 0.0177652 0.0203599 0.0203497 0.0203465 0.0203486 0.0255327 0.0229412 0.0177670 0.0203486 0.0177670 0.0203540 0.0255455 0.0126431 0.0229340 0.0255512 0.0229326 0.0229326 0.0178057 0.0177717 0.0281387 0.0203497 0.0177652 0.0309059 0.0203453 0.0229326 0.0308232 0.0229326 0.0229302 
EPI_ISL_20282094 0.0050162 0.0075386 0.0050178 0.0050167 0.0050170 0.0025038 0.0151667 0.0151611 0.0177283 0.0100951 0.0126165 0.0050170 0.0136031 0.0050180 0.0075390 0.0151739 0.0100834 0.0100704 0.0100931 0.0203976 0.0000000 0.0126396 0.0050162 0.0126444 0.0075550 0.0126191 0.0075413 0.0178096 0.0075397 0.0075393 0.0025038 0.0050170 0.0075386 0.0100791 0.0100741 0.0050162 0.0050167 0.0151667 0.0126184 0.0075393 0.0100736 0.0075393 0.0050180 0.0151743 0.0075386 0.0075386 0.0151776 0.0126138 0.0075382 0.0075554 0.0075413 0.0177283 0.0100741 0.0075386 0.0203962 0.0151683 0.0075382 0.0203429 0.0075382 0.0075374 
EPI_ISL_20282106 0.0126084 0.0100656 0.0126142 0.0126097 0.0075361 0.0100693 0.0177207 0.0177142 0.0202899 0.0126368 0.0151610 0.0126104 0.0163486 0.0126130 0.0151594 0.0177291 0.0126221 0.0177197 0.0177603 0.0229807 0.0126396 0.0000000 0.0126084 0.0151948 0.0151922 0.0151642 0.0100693 0.0203834 0.0100672 0.0100667 0.0100693 0.0075361 0.0100656 0.0126167 0.0126104 0.0126084 0.0126097 0.0177207 0.0151634 0.0100667 0.0126097 0.0100667 0.0126130 0.0177295 0.0100656 0.0151586 0.0177334 0.0151578 0.0151578 0.0100882 0.0100693 0.0202899 0.0126104 0.0151586 0.0229790 0.0177226 0.0151578 0.0229187 0.0151578 0.0151562 
EPI_ISL_20282110 0.0050041 0.0075202 0.0050066 0.0050046 0.0050048 0.0024977 0.0151291 0.0151236 0.0176843 0.0100703 0.0125854 0.0050048 0.0135669 0.0050059 0.0075206 0.0151363 0.0100587 0.0100458 0.0100683 0.0203465 0.0050162 0.0126084 0.0000000 0.0126132 0.0075365 0.0125880 0.0075229 0.0177652 0.0075214 0.0075210 0.0024977 0.0050048 0.0075202 0.0100544 0.0100494 0.0050041 0.0050046 0.0151291 0.0125873 0.0075210 0.0100489 0.0075210 0.0050059 0.0151366 0.0075202 0.0075202 0.0151400 0.0125827 0.0075198 0.0075369 0.0075229 0.0176843 0.0100494 0.0075202 0.0203450 0.0151307 0.0075198 0.0202920 0.0075198 0.0075190 
EPI_ISL_20282111 0.0126132 0.0100694 0.0126190 0.0126145 0.0075390 0.0100731 0.0177275 0.0177209 0.0202976 0.0126416 0.0151668 0.0126152 0.0136016 0.0126178 0.0151651 0.0177359 0.0126269 0.0177265 0.0177670 0.0229895 0.0126444 0.0151948 0.0126132 0.0000000 0.0151980 0.0151700 0.0100731 0.0203912 0.0100710 0.0100704 0.0100731 0.0075390 0.0100694 0.0126214 0.0126152 0.0126132 0.0126145 0.0177275 0.0151691 0.0100704 0.0126145 0.0100704 0.0126178 0.0177363 0.0100694 0.0151644 0.0177402 0.0151636 0.0151636 0.0100920 0.0100731 0.0202976 0.0126152 0.0151644 0.0229879 0.0177293 0.0151636 0.0229275 0.0151636 0.0151620 
EPI_ISL_20282116 0.0075365 0.0100677 0.0075403 0.0025035 0.0075377 0.0050156 0.0177244 0.0177179 0.0202941 0.0126395 0.0151642 0.0075377 0.0163523 0.0075393 0.0100682 0.0177328 0.0126247 0.0075381 0.0126370 0.0229855 0.0075550 0.0151922 0.0075365 0.0151980 0.0000000 0.0151674 0.0100714 0.0203877 0.0100693 0.0100687 0.0050156 0.0075377 0.0100677 0.0126193 0.0126130 0.0075365 0.0025035 0.0177244 0.0151665 0.0100687 0.0126124 0.0100687 0.0075393 0.0177332 0.0100677 0.0100677 0.0177371 0.0151610 0.0100672 0.0100903 0.0100714 0.0202941 0.0126130 0.0100677 0.0229839 0.0177263 0.0100672 0.0229235 0.0100672 0.0100661 
EPI_ISL_20282124 0.0125880 0.0100494 0.0125947 0.0125893 0.0075241 0.0100531 0.0176918 0.0176853 0.0202565 0.0126163 0.0151363 0.0125900 0.0163198 0.0125926 0.0151347 0.0177001 0.0126016 0.0176908 0.0177312 0.0229425 0.0126191 0.0151642 0.0125880 0.0151700 0.0151674 0.0000000 0.0100531 0.0203497 0.0100510 0.0100505 0.0100531 0.0075241 0.0100494 0.0125962 0.0125900 0.0125880 0.0125893 0.0176918 0.0100525 0.0100505 0.0125893 0.0100505 0.0125926 0.0177005 0.0100494 0.0151339 0.0177044 0.0151331 0.0151331 0.0100719 0.0100531 0.0202565 0.0125900 0.0151339 0.0229409 0.0176936 0.0151331 0.0228808 0.0151331 0.0151315 
EPI_ISL_20282126 0.0075229 0.0050048 0.0075267 0.0075237 0.0024981 0.0050066 0.0125860 0.0125814 0.0151307 0.0075396 0.0100510 0.0075241 0.0108334 0.0075256 0.0100499 0.0125919 0.0075310 0.0125853 0.0126138 0.0177717 0.0075413 0.0100693 0.0075229 0.0100731 0.0100714 0.0100531 0.0000000 0.0151997 0.0050056 0.0050053 0.0050066 0.0024981 0.0050048 0.0075278 0.0075241 0.0075229 0.0075237 0.0125860 0.0100525 0.0050053 0.0075237 0.0050053 0.0075256 0.0125923 0.0050048 0.0100494 0.0125950 0.0100489 0.0100489 0.0050159 0.0050066 0.0151307 0.0075241 0.0100494 0.0151987 0.0125873 0.0100489 0.0177244 0.0100489 0.0100479 
EPI_ISL_20282127 0.0177652 0.0100931 0.0152056 0.0177670 0.0126398 0.0151997 0.0229302 0.0229217 0.0255258 0.0178057 0.0151966 0.0177680 0.0219497 0.0126424 0.0203432 0.0229412 0.0177845 0.0229289 0.0229820 0.0024987 0.0178096 0.0203834 0.0177652 0.0203912 0.0203877 0.0203497 0.0151997 0.0000000 0.0151966 0.0151957 0.0151997 0.0126398 0.0151941 0.0177769 0.0177680 0.0177652 0.0177670 0.0229302 0.0203486 0.0151957 0.0177670 0.0151957 0.0177717 0.0229417 0.0100931 0.0203422 0.0229468 0.0203410 0.0203410 0.0152287 0.0151997 0.0255258 0.0177680 0.0151941 0.0282688 0.0177642 0.0203410 0.0281936 0.0203410 0.0203389 
EPI_ISL_20295241 0.0075214 0.0050038 0.0075251 0.0075221 0.0024976 0.0050056 0.0125834 0.0125788 0.0151275 0.0075381 0.0100489 0.0075225 0.0108310 0.0075241 0.0100478 0.0125893 0.0075294 0.0125827 0.0126112 0.0177680 0.0075397 0.0100672 0.0075214 0.0100710 0.0100693 0.0100510 0.0050056 0.0151966 0.0000000 0.0050043 0.0050056 0.0024976 0.0050038 0.0075262 0.0075225 0.0075214 0.0075221 0.0125834 0.0100505 0.0050043 0.0075221 0.0050043 0.0075241 0.0125896 0.0050038 0.0100473 0.0125924 0.0100468 0.0100468 0.0050149 0.0050056 0.0151275 0.0075225 0.0100473 0.0177668 0.0125847 0.0100468 0.0177207 0.0100468 0.0100458 
EPI_ISL_20295243 0.0075210 0.0050035 0.0075247 0.0075217 0.0024975 0.0050053 0.0125827 0.0125781 0.0151267 0.0075377 0.0100484 0.0075221 0.0108303 0.0075237 0.0100473 0.0125886 0.0075290 0.0125821 0.0126105 0.0177670 0.0075393 0.0100667 0.0075210 0.0100704 0.0100687 0.0100505 0.0050053 0.0151957 0.0050043 0.0000000 0.0050053 0.0024975 0.0050035 0.0075258 0.0075221 0.0075210 0.0075217 0.0125827 0.0100499 0.0050041 0.0075217 0.0050041 0.0075237 0.0125890 0.0050035 0.0100468 0.0125917 0.0100463 0.0100463 0.0050146 0.0050053 0.0151267 0.0075221 0.0100468 0.0177658 0.0125840 0.0100463 0.0177197 0.0100463 0.0100452 
EPI_ISL_20295244 0.0024977 0.0050048 0.0024989 0.0024980 0.0024981 0.0000010 0.0125860 0.0125814 0.0151307 0.0075396 0.0100510 0.0024981 0.0108334 0.0024986 0.0050051 0.0125919 0.0075310 0.0075214 0.0075382 0.0177717 0.0025038 0.0100693 0.0024977 0.0100731 0.0050156 0.0100531 0.0050066 0.0151997 0.0050056 0.0050053 0.0000000 0.0024981 0.0050048 0.0075278 0.0075241 0.0024977 0.0024980 0.0125860 0.0100525 0.0050053 0.0075237 0.0050053 0.0024986 0.0125923 0.0050048 0.0050048 0.0125950 0.0100489 0.0050046 0.0050159 0.0050066 0.0151307 0.0075241 0.0050048 0.0177705 0.0125873 0.0050046 0.0177244 0.0050046 0.0050041 
EPI_ISL_20295246 0.0050048 0.0024972 0.0050073 0.0050053 0.0000010 0.0024981 0.0100478 0.0100442 0.0125827 0.0050159 0.0075225 0.0050056 0.0081067 0.0050066 0.0075217 0.0100525 0.0050102 0.0100473 0.0100699 0.0151997 0.0050170 0.0075361 0.0050048 0.0075390 0.0075377 0.0075241 0.0024981 0.0126398 0.0024976 0.0024975 0.0024981 0.0000000 0.0024972 0.0050080 0.0050056 0.0050048 0.0050053 0.0100478 0.0075237 0.0024975 0.0050053 0.0024975 0.0050066 0.0100528 0.0024972 0.0075214 0.0100550 0.0075210 0.0075210 0.0025027 0.0024981 0.0125827 0.0050056 0.0075214 0.0151987 0.0100489 0.0075210 0.0151594 0.0075210 0.0075202 
EPI_ISL_20295248 0.0075202 0.0050030 0.0075239 0.0075210 0.0024972 0.0050048 0.0125814 0.0125768 0.0151251 0.0075369 0.0100473 0.0075214 0.0108291 0.0075229 0.0100463 0.0125873 0.0075283 0.0125808 0.0126092 0.0177652 0.0075386 0.0100656 0.0075202 0.0100694 0.0100677 0.0100494 0.0050048 0.0151941 0.0050038 0.0050035 0.0050048 0.0024972 0.0000000 0.0075251 0.0075214 0.0075202 0.0075210 0.0125814 0.0100489 0.0050035 0.0075210 0.0050035 0.0075229 0.0125877 0.0050030 0.0100458 0.0125904 0.0100452 0.0100452 0.0050141 0.0050048 0.0151251 0.0075214 0.0100458 0.0177640 0.0125827 0.0100452 0.0177179 0.0100452 0.0100442 
EPI_ISL_20295249 0.0100544 0.0075251 0.0100593 0.0100554 0.0050080 0.0075278 0.0151390 0.0151335 0.0176959 0.0100769 0.0125936 0.0100559 0.0135765 0.0100580 0.0125923 0.0151462 0.0100652 0.0151382 0.0151727 0.0203599 0.0100791 0.0126167 0.0100544 0.0126214 0.0126193 0.0125962 0.0075278 0.0177769 0.0075262 0.0075258 0.0075278 0.0050080 0.0075251 0.0000000 0.0000010 0.0100544 0.0100554 0.0151390 0.0125955 0.0075258 0.0100554 0.0075258 0.0100580 0.0151466 0.0075251 0.0125916 0.0151499 0.0125909 0.0125909 0.0075418 0.0075278 0.0176959 0.0100559 0.0125916 0.0203585 0.0151406 0.0125909 0.0203054 0.0125909 0.0125896 
EPI_ISL_20295250 0.0100494 0.0075214 0.0100543 0.0100505 0.0050056 0.0075241 0.0151315 0.0151260 0.0176871 0.0100719 0.0125874 0.0100510 0.0135693 0.0100531 0.0125860 0.0151387 0.0100602 0.0151307 0.0151651 0.0203497 0.0100741 0.0126104 0.0100494 0.0126152 0.0126130 0.0125900 0.0075241 0.0177680 0.0075225 0.0075221 0.0075241 0.0050056 0.0075214 0.0000010 0.0000000 0.0100494 0.0100505 0.0151315 0.0125893 0.0075221 0.0100505 0.0075221 0.0100531 0.0151390 0.0075214 0.0125854 0.0151424 0.0125847 0.0125847 0.0075381 0.0075241 0.0176871 0.0100510 0.0125854 0.0203483 0.0151331 0.0125847 0.0202953 0.0125847 0.0125834 
EPI_ISL_20295252 0.0000010 0.0075202 0.0000028 0.0050046 0.0050048 0.0024977 0.0151291 0.0151236 0.0176843 0.0100703 0.0125854 0.0050048 0.0135669 0.0050059 0.0075206 0.0151363 0.0100587 0.0100458 0.0100683 0.0203465 0.0050162 0.0126084 0.0050041 0.0126132 0.0075365 0.0125880 0.0075229 0.0177652 0.0075214 0.0075210 0.0024977 0.0050048 0.0075202 0.0100544 0.0100494 0.0000000 0.0050046 0.0151291 0.0125873 0.0075210 0.0100489 0.0075210 0.0050059 0.0151366 0.0075202 0.0024978 0.0151400 0.0125827 0.0075198 0.0075369 0.0075229 0.0176843 0.0100494 0.0024978 0.0203450 0.0151307 0.0024977 0.0202920 0.0075198 0.0024975 
EPI_ISL_20295256 0.0050046 0.0075210 0.0050071 0.0000010 0.0050053 0.0024980 0.0151307 0.0151251 0.0176861 0.0100714 0.0125867 0.0050053 0.0135685 0.0050064 0.0075214 0.0151378 0.0100597 0.0050056 0.0100694 0.0203486 0.0050167 0.0126097 0.0050046 0.0126145 0.0025035 0.0125893 0.0075237 0.0177670 0.0075221 0.0075217 0.0024980 0.0050053 0.0075210 0.0100554 0.0100505 0.0050046 0.0000000 0.0151307 0.0125886 0.0075217 0.0100499 0.0075217 0.0050064 0.0151382 0.0075210 0.0075210 0.0151416 0.0125840 0.0075206 0.0075377 0.0075237 0.0176861 0.0100505 0.0075210 0.0203472 0.0151323 0.0075206 0.0202941 0.0075206 0.0075198 
EPI_ISL_20295260 0.0151291 0.0125814 0.0151374 0.0151307 0.0100478 0.0125860 0.0000010 0.0202437 0.0024980 0.0151634 0.0176881 0.0151315 0.0190730 0.0151347 0.0176861 0.0202608 0.0151455 0.0202500 0.0202965 0.0255327 0.0151667 0.0177207 0.0151291 0.0177275 0.0177244 0.0176918 0.0125860 0.0229302 0.0125834 0.0125827 0.0125860 0.0100478 0.0125814 0.0151390 0.0151315 0.0151291 0.0151307 0.0000000 0.0176908 0.0125827 0.0151307 0.0125827 0.0151347 0.0000010 0.0125814 0.0176853 0.0000010 0.0176843 0.0176843 0.0126097 0.0125860 0.0024980 0.0151315 0.0176853 0.0050284 0.0202533 0.0176843 0.0050156 0.0176843 0.0176824 
EPI_ISL_20295301 0.0125873 0.0100489 0.0125940 0.0125886 0.0075237 0.0100525 0.0176908 0.0176843 0.0202554 0.0075393 0.0151355 0.0125893 0.0163189 0.0125919 0.0151339 0.0176991 0.0126009 0.0176898 0.0177302 0.0229412 0.0126184 0.0151634 0.0125873 0.0151691 0.0151665 0.0100525 0.0100525 0.0203486 0.0100505 0.0100499 0.0100525 0.0075237 0.0100489 0.0125955 0.0125893 0.0125873 0.0125886 0.0176908 0.0000000 0.0100499 0.0125886 0.0100499 0.0125919 0.0176996 0.0100489 0.0151331 0.0177035 0.0151323 0.0151323 0.0100714 0.0050064 0.0202554 0.0125893 0.0151331 0.0229396 0.0176926 0.0151323 0.0228795 0.0151323 0.0151307 
EPI_ISL_20295302 0.0075210 0.0050035 0.0075247 0.0075217 0.0024975 0.0050053 0.0125827 0.0125781 0.0151267 0.0075377 0.0100484 0.0075221 0.0108303 0.0075237 0.0100473 0.0125886 0.0075290 0.0125821 0.0126105 0.0177670 0.0075393 0.0100667 0.0075210 0.0100704 0.0100687 0.0100505 0.0050053 0.0151957 0.0050043 0.0050041 0.0050053 0.0024975 0.0050035 0.0075258 0.0075221 0.0075210 0.0075217 0.0125827 0.0100499 0.0000000 0.0024984 0.0000010 0.0075237 0.0125890 0.0050035 0.0100468 0.0125917 0.0100463 0.0100463 0.0050146 0.0050053 0.0151267 0.0075221 0.0100468 0.0177658 0.0125840 0.0100463 0.0177197 0.0100463 0.0100452 
EPI_ISL_20295304 0.0100489 0.0075210 0.0100538 0.0100499 0.0050053 0.0075237 0.0151307 0.0151251 0.0176861 0.0100714 0.0125867 0.0100505 0.0108303 0.0100525 0.0125853 0.0151378 0.0100597 0.0151299 0.0151643 0.0203486 0.0100736 0.0126097 0.0100489 0.0126145 0.0126124 0.0125893 0.0075237 0.0177670 0.0075221 0.0075217 0.0075237 0.0050053 0.0075210 0.0100554 0.0100505 0.0100489 0.0100499 0.0151307 0.0125886 0.0024984 0.0000000 0.0024984 0.0100525 0.0151382 0.0075210 0.0125847 0.0151416 0.0125840 0.0125840 0.0075377 0.0075237 0.0176861 0.0100505 0.0125847 0.0203472 0.0151323 0.0125840 0.0202941 0.0125840 0.0125827 
EPI_ISL_20295306 0.0075210 0.0050035 0.0075247 0.0075217 0.0024975 0.0050053 0.0125827 0.0125781 0.0151267 0.0075377 0.0100484 0.0075221 0.0108303 0.0075237 0.0100473 0.0125886 0.0075290 0.0125821 0.0126105 0.0177670 0.0075393 0.0100667 0.0075210 0.0100704 0.0100687 0.0100505 0.0050053 0.0151957 0.0050043 0.0050041 0.0050053 0.0024975 0.0050035 0.0075258 0.0075221 0.0075210 0.0075217 0.0125827 0.0100499 0.0000010 0.0024984 0.0000000 0.0075237 0.0125890 0.0050035 0.0100468 0.0125917 0.0100463 0.0100463 0.0050146 0.0050053 0.0151267 0.0075221 0.0100468 0.0177658 0.0125840 0.0100463 0.0177197 0.0100463 0.0100452 
EPI_ISL_20295308 0.0050059 0.0075229 0.0050074 0.0050064 0.0050066 0.0024986 0.0151347 0.0151291 0.0176908 0.0100740 0.0125900 0.0050066 0.0135723 0.0050077 0.0075233 0.0151418 0.0100623 0.0100494 0.0100720 0.0203540 0.0050180 0.0126130 0.0050059 0.0126178 0.0075393 0.0125926 0.0075256 0.0177717 0.0075241 0.0075237 0.0024986 0.0050066 0.0075229 0.0100580 0.0100531 0.0050059 0.0050064 0.0151347 0.0125919 0.0075237 0.0100525 0.0075237 0.0000000 0.0151422 0.0075229 0.0075229 0.0151455 0.0125873 0.0075225 0.0075396 0.0075256 0.0176908 0.0100531 0.0075229 0.0203526 0.0151363 0.0075225 0.0202995 0.0075225 0.0075217 
EPI_ISL_20295309 0.0151366 0.0125877 0.0151449 0.0151382 0.0100528 0.0125923 0.0000010 0.0202537 0.0024992 0.0151709 0.0176969 0.0151390 0.0190832 0.0151422 0.0176949 0.0202709 0.0151531 0.0202601 0.0203066 0.0255455 0.0151743 0.0177295 0.0151366 0.0177363 0.0177332 0.0177005 0.0125923 0.0229417 0.0125896 0.0125890 0.0125923 0.0100528 0.0125877 0.0151466 0.0151390 0.0151366 0.0151382 0.0000010 0.0176996 0.0125890 0.0151382 0.0125890 0.0151422 0.0000000 0.0125877 0.0176940 0.0000010 0.0176930 0.0176930 0.0126160 0.0125923 0.0024992 0.0151390 0.0176940 0.0050309 0.0202634 0.0176930 0.0050181 0.0176930 0.0176912 
EPI_ISL_20295313 0.0075202 0.0000010 0.0075239 0.0075210 0.0024972 0.0050048 0.0125814 0.0125768 0.0151251 0.0075369 0.0100473 0.0075214 0.0108291 0.0075229 0.0100463 0.0125873 0.0075283 0.0125808 0.0126092 0.0126431 0.0075386 0.0100656 0.0075202 0.0100694 0.0100677 0.0100494 0.0050048 0.0100931 0.0050038 0.0050035 0.0050048 0.0024972 0.0050030 0.0075251 0.0075214 0.0075202 0.0075210 0.0125814 0.0100489 0.0050035 0.0075210 0.0050035 0.0075229 0.0125877 0.0000000 0.0100458 0.0125904 0.0100452 0.0100452 0.0050141 0.0050048 0.0151251 0.0075214 0.0100458 0.0177640 0.0125827 0.0100452 0.0177179 0.0100452 0.0100442 
EPI_ISL_20295314 0.0024978 0.0100458 0.0024991 0.0075210 0.0075214 0.0050048 0.0176853 0.0176788 0.0202491 0.0126117 0.0151308 0.0075214 0.0163134 0.0075229 0.0100463 0.0176936 0.0125970 0.0125808 0.0126092 0.0229340 0.0075386 0.0151586 0.0075202 0.0151644 0.0100677 0.0151339 0.0100494 0.0203422 0.0100473 0.0100468 0.0050048 0.0075214 0.0100458 0.0125916 0.0125854 0.0024978 0.0075210 0.0176853 0.0151331 0.0100468 0.0125847 0.0100468 0.0075229 0.0176940 0.0100458 0.0000000 0.0176979 0.0151276 0.0100452 0.0100682 0.0100494 0.0202491 0.0125854 0.0050051 0.0229324 0.0176871 0.0050048 0.0228723 0.0100452 0.0050043 
EPI_ISL_20295315 0.0151400 0.0125904 0.0151482 0.0151416 0.0100550 0.0125950 0.0000010 0.0202582 0.0024997 0.0151743 0.0177008 0.0151424 0.0190730 0.0151455 0.0176988 0.0202753 0.0151564 0.0202646 0.0203111 0.0255512 0.0151776 0.0177334 0.0151400 0.0177402 0.0177371 0.0177044 0.0125950 0.0229468 0.0125924 0.0125917 0.0125950 0.0100550 0.0125904 0.0151499 0.0151424 0.0151400 0.0151416 0.0000010 0.0177035 0.0125917 0.0151416 0.0125917 0.0151455 0.0000010 0.0125904 0.0176979 0.0000000 0.0176969 0.0176969 0.0126188 0.0125950 0.0024997 0.0151424 0.0176979 0.0050320 0.0202678 0.0176969 0.0050192 0.0176969 0.0176951 
EPI_ISL_20295317 0.0125827 0.0100452 0.0125894 0.0125840 0.0075210 0.0100489 0.0176843 0.0176778 0.0202479 0.0126110 0.0151300 0.0125847 0.0163124 0.0125873 0.0151283 0.0176926 0.0125963 0.0176833 0.0177236 0.0229326 0.0126138 0.0151578 0.0125827 0.0151636 0.0151610 0.0151331 0.0100489 0.0203410 0.0100468 0.0100463 0.0100489 0.0075210 0.0100452 0.0125909 0.0125847 0.0125827 0.0125840 0.0176843 0.0151323 0.0100463 0.0125840 0.0100463 0.0125873 0.0176930 0.0100452 0.0151276 0.0176969 0.0000000 0.0151267 0.0100677 0.0100489 0.0202479 0.0125847 0.0151276 0.0229310 0.0176861 0.0151267 0.0228709 0.0151267 0.0151252 
EPI_ISL_20295320 0.0075198 0.0100452 0.0075236 0.0075206 0.0075210 0.0050046 0.0176843 0.0176778 0.0202479 0.0126110 0.0151300 0.0075210 0.0163124 0.0075225 0.0100458 0.0176926 0.0125963 0.0125801 0.0025038 0.0229326 0.0075382 0.0151578 0.0075198 0.0151636 0.0100672 0.0151331 0.0100489 0.0203410 0.0100468 0.0100463 0.0050046 0.0075210 0.0100452 0.0125909 0.0125847 0.0075198 0.0075206 0.0176843 0.0151323 0.0100463 0.0125840 0.0100463 0.0075225 0.0176930 0.0100452 0.0100452 0.0176969 0.0151267 0.0000000 0.0100677 0.0100489 0.0202479 0.0125847 0.0100452 0.0229310 0.0176861 0.0100447 0.0228709 0.0000010 0.0100437 
EPI_ISL_20295325 0.0075369 0.0050141 0.0075407 0.0075377 0.0025027 0.0050159 0.0126097 0.0126051 0.0151594 0.0075537 0.0100698 0.0075381 0.0108553 0.0075396 0.0100687 0.0126157 0.0075450 0.0126091 0.0126376 0.0178057 0.0075554 0.0100882 0.0075369 0.0100920 0.0100903 0.0100719 0.0050159 0.0152287 0.0050149 0.0050146 0.0050159 0.0025027 0.0050141 0.0075418 0.0075381 0.0075369 0.0075377 0.0126097 0.0100714 0.0050146 0.0075377 0.0050146 0.0075396 0.0126160 0.0050141 0.0100682 0.0126188 0.0100677 0.0100677 0.0000000 0.0050159 0.0151594 0.0075381 0.0100682 0.0178045 0.0126110 0.0100677 0.0177582 0.0100677 0.0100667 
EPI_ISL_20295326 0.0075229 0.0050048 0.0075267 0.0075237 0.0024981 0.0050066 0.0125860 0.0125814 0.0151307 0.0025032 0.0100510 0.0075241 0.0108334 0.0075256 0.0100499 0.0125919 0.0075310 0.0125853 0.0126138 0.0177717 0.0075413 0.0100693 0.0075229 0.0100731 0.0100714 0.0100531 0.0050066 0.0151997 0.0050056 0.0050053 0.0050066 0.0024981 0.0050048 0.0075278 0.0075241 0.0075229 0.0075237 0.0125860 0.0050064 0.0050053 0.0075237 0.0050053 0.0075256 0.0125923 0.0050048 0.0100494 0.0125950 0.0100489 0.0100489 0.0050159 0.0000000 0.0151307 0.0075241 0.0100494 0.0177705 0.0125873 0.0100489 0.0177244 0.0100489 0.0100479 
EPI_ISL_20295327 0.0176843 0.0151251 0.0176930 0.0176861 0.0125827 0.0151307 0.0024980 0.0228162 0.0000010 0.0177244 0.0202523 0.0176871 0.0218411 0.0176908 0.0202500 0.0228356 0.0177035 0.0228234 0.0228760 0.0281387 0.0177283 0.0202899 0.0176843 0.0202976 0.0202941 0.0202565 0.0151307 0.0255258 0.0151275 0.0151267 0.0151307 0.0125827 0.0151251 0.0176959 0.0176871 0.0176843 0.0176861 0.0024980 0.0202554 0.0151267 0.0176861 0.0151267 0.0176908 0.0024992 0.0151251 0.0202491 0.0024997 0.0202479 0.0202479 0.0151594 0.0151307 0.0000000 0.0176871 0.0202491 0.0075566 0.0228271 0.0202479 0.0025035 0.0202479 0.0202458 
EPI_ISL_20295330 0.0100494 0.0075214 0.0100543 0.0100505 0.0050056 0.0075241 0.0151315 0.0151260 0.0176871 0.0100719 0.0024976 0.0100510 0.0135693 0.0100531 0.0125860 0.0151387 0.0100602 0.0151307 0.0151651 0.0203497 0.0100741 0.0126104 0.0100494 0.0126152 0.0126130 0.0125900 0.0075241 0.0177680 0.0075225 0.0075221 0.0075241 0.0050056 0.0075214 0.0100559 0.0100510 0.0100494 0.0100505 0.0151315 0.0125893 0.0075221 0.0100505 0.0075221 0.0100531 0.0151390 0.0075214 0.0125854 0.0151424 0.0125847 0.0125847 0.0075381 0.0075241 0.0176871 0.0000000 0.0125854 0.0203483 0.0151331 0.0125847 0.0202953 0.0125847 0.0125834 
EPI_ISL_20295332 0.0024978 0.0100458 0.0000028 0.0075210 0.0075214 0.0050048 0.0176853 0.0176788 0.0202491 0.0126117 0.0100473 0.0075214 0.0163134 0.0075229 0.0100463 0.0176936 0.0125970 0.0125808 0.0126092 0.0177652 0.0075386 0.0151586 0.0075202 0.0151644 0.0100677 0.0151339 0.0100494 0.0151941 0.0100473 0.0100468 0.0050048 0.0075214 0.0100458 0.0125916 0.0125854 0.0024978 0.0075210 0.0176853 0.0151331 0.0100468 0.0125847 0.0100468 0.0075229 0.0176940 0.0100458 0.0050051 0.0176979 0.0151276 0.0100452 0.0100682 0.0100494 0.0202491 0.0125854 0.0000000 0.0229324 0.0176871 0.0050048 0.0228723 0.0100452 0.0050043 
EPI_ISL_20295333 0.0203450 0.0177640 0.0203552 0.0203472 0.0151987 0.0177705 0.0050284 0.0255213 0.0075566 0.0203917 0.0229361 0.0203483 0.0247486 0.0203526 0.0229334 0.0255431 0.0203673 0.0255293 0.0255888 0.0309059 0.0203962 0.0229790 0.0203450 0.0229879 0.0229839 0.0229409 0.0151987 0.0282688 0.0177668 0.0177658 0.0177705 0.0151987 0.0177640 0.0203585 0.0203483 0.0203450 0.0203472 0.0050284 0.0229396 0.0177658 0.0203472 0.0177658 0.0203526 0.0050309 0.0177640 0.0229324 0.0050320 0.0229310 0.0229310 0.0178045 0.0177705 0.0075566 0.0203483 0.0229324 0.0000000 0.0255336 0.0229310 0.0101157 0.0229310 0.0229286 
EPI_ISL_20295365 0.0151307 0.0125827 0.0151390 0.0151323 0.0100489 0.0125873 0.0202533 0.0202458 0.0228271 0.0151650 0.0176899 0.0151331 0.0190751 0.0100510 0.0176880 0.0202629 0.0151471 0.0202521 0.0202986 0.0203453 0.0151683 0.0177226 0.0151307 0.0177293 0.0177263 0.0176936 0.0125873 0.0177642 0.0125847 0.0125840 0.0125873 0.0100489 0.0125827 0.0151406 0.0151331 0.0151307 0.0151323 0.0202533 0.0176926 0.0125840 0.0151323 0.0125840 0.0151363 0.0202634 0.0125827 0.0176871 0.0202678 0.0176861 0.0176861 0.0126110 0.0125873 0.0228271 0.0151331 0.0176871 0.0255336 0.0000000 0.0176861 0.0254663 0.0176861 0.0176843 
EPI_ISL_20295369 0.0024977 0.0100452 0.0024989 0.0075206 0.0075210 0.0050046 0.0176843 0.0176778 0.0202479 0.0126110 0.0151300 0.0075210 0.0163124 0.0075225 0.0100458 0.0176926 0.0125963 0.0125801 0.0126085 0.0229326 0.0075382 0.0151578 0.0075198 0.0151636 0.0100672 0.0151331 0.0100489 0.0203410 0.0100468 0.0100463 0.0050046 0.0075210 0.0100452 0.0125909 0.0125847 0.0024977 0.0075206 0.0176843 0.0151323 0.0100463 0.0125840 0.0100463 0.0075225 0.0176930 0.0100452 0.0050048 0.0176969 0.0151267 0.0100447 0.0100677 0.0100489 0.0202479 0.0125847 0.0050048 0.0229310 0.0176861 0.0000000 0.0228709 0.0100447 0.0050041 
EPI_ISL_20295378 0.0202920 0.0177179 0.0203021 0.0202941 0.0151594 0.0177244 0.0050156 0.0254541 0.0025035 0.0203384 0.0228760 0.0202953 0.0246785 0.0202995 0.0228733 0.0254758 0.0203141 0.0254621 0.0255213 0.0308232 0.0203429 0.0229187 0.0202920 0.0229275 0.0229235 0.0228808 0.0177244 0.0281936 0.0177207 0.0177197 0.0177244 0.0151594 0.0177179 0.0203054 0.0202953 0.0202920 0.0202941 0.0050156 0.0228795 0.0177197 0.0202941 0.0177197 0.0202995 0.0050181 0.0177179 0.0228723 0.0050192 0.0228709 0.0228709 0.0177582 0.0177244 0.0025035 0.0202953 0.0228723 0.0101157 0.0254663 0.0228709 0.0000000 0.0228709 0.0228686 
EPI_ISL_20295379 0.0075198 0.0100452 0.0075236 0.0075206 0.0075210 0.0050046 0.0176843 0.0176778 0.0202479 0.0126110 0.0151300 0.0075210 0.0163124 0.0075225 0.0100458 0.0176926 0.0125963 0.0125801 0.0025038 0.0229326 0.0075382 0.0151578 0.0075198 0.0151636 0.0100672 0.0151331 0.0100489 0.0203410 0.0100468 0.0100463 0.0050046 0.0075210 0.0100452 0.0125909 0.0125847 0.0075198 0.0075206 0.0176843 0.0151323 0.0100463 0.0125840 0.0100463 0.0075225 0.0176930 0.0100452 0.0100452 0.0176969 0.0151267 0.0000010 0.0100677 0.0100489 0.0202479 0.0125847 0.0100452 0.0229310 0.0176861 0.0100447 0.0228709 0.0000000 0.0100437 
EPI_ISL_20295380 0.0024975 0.0100442 0.0024987 0.0075198 0.0075202 0.0050041 0.0176824 0.0176759 0.0202458 0.0126097 0.0151284 0.0075202 0.0163106 0.0075217 0.0100447 0.0176908 0.0125950 0.0125788 0.0126072 0.0229302 0.0075374 0.0151562 0.0075190 0.0151620 0.0100661 0.0151315 0.0100479 0.0203389 0.0100458 0.0100452 0.0050041 0.0075202 0.0100442 0.0125896 0.0125834 0.0024975 0.0075198 0.0176824 0.0151307 0.0100452 0.0125827 0.0100452 0.0075217 0.0176912 0.0100442 0.0050043 0.0176951 0.0151252 0.0100437 0.0100667 0.0100479 0.0202458 0.0125834 0.0050043 0.0229286 0.0176843 0.0050041 0.0228686 0.0100437 0.0000000 
