29
EPI_ISL_20257572 0.0000000 0.0012107 0.0006052 0.0018172 0.0006052 0.0012101 0.0006055 0.0012101 0.0018172 0.0012106 0.0012106 0.0036407 0.0036425 0.0006064 0.0036407 0.0012112 0.0012107 0.0030344 0.0012106 0.0012107 0.0018178 0.0018172 0.0018182 0.0006051 0.0042499 0.0024256 0.0012104 0.0018182 0.0012107 
EPI_ISL_20257584 0.0012107 0.0000000 0.0006053 0.0030324 0.0006053 0.0024249 0.0006057 0.0024249 0.0030324 0.0012109 0.0012109 0.0048607 0.0048631 0.0006065 0.0048607 0.0012115 0.0024261 0.0042541 0.0012109 0.0012110 0.0018183 0.0030324 0.0018186 0.0018181 0.0054714 0.0036432 0.0012107 0.0030341 0.0012110 
EPI_ISL_20257585 0.0006052 0.0006053 0.0000000 0.0024245 0.0000010 0.0018175 0.0000010 0.0018175 0.0024245 0.0006053 0.0006053 0.0042502 0.0042523 0.0000010 0.0042502 0.0006056 0.0018184 0.0036440 0.0006053 0.0006053 0.0012106 0.0024245 0.0012108 0.0012105 0.0048602 0.0030337 0.0006052 0.0024259 0.0006053 
EPI_ISL_20257586 0.0018172 0.0030324 0.0024245 0.0000000 0.0024245 0.0030308 0.0024259 0.0030308 0.0000010 0.0030322 0.0030322 0.0054681 0.0054708 0.0024292 0.0054681 0.0030336 0.0030324 0.0048618 0.0030322 0.0030324 0.0036404 0.0036391 0.0036410 0.0012100 0.0060791 0.0042502 0.0030316 0.0036412 0.0030324 
EPI_ISL_20257587 0.0006052 0.0006053 0.0000010 0.0024245 0.0000000 0.0018175 0.0000010 0.0018175 0.0024245 0.0006053 0.0006053 0.0042502 0.0042523 0.0000010 0.0042502 0.0006056 0.0018184 0.0036440 0.0006053 0.0006053 0.0012106 0.0024245 0.0012108 0.0012105 0.0048602 0.0030337 0.0006052 0.0024259 0.0006053 
EPI_ISL_20257589 0.0012101 0.0024249 0.0018175 0.0030308 0.0018175 0.0000000 0.0018186 0.0000010 0.0030308 0.0024247 0.0024247 0.0048582 0.0048606 0.0018210 0.0048582 0.0024259 0.0000010 0.0042519 0.0024247 0.0024249 0.0030319 0.0006048 0.0030324 0.0018172 0.0054686 0.0036413 0.0024243 0.0006051 0.0024249 
EPI_ISL_20257590 0.0006055 0.0006057 0.0000010 0.0024259 0.0000010 0.0018186 0.0000000 0.0018186 0.0024259 0.0006057 0.0006057 0.0042527 0.0042548 0.0000010 0.0042527 0.0006059 0.0018195 0.0036461 0.0006057 0.0006057 0.0012113 0.0024259 0.0012116 0.0012112 0.0048631 0.0030355 0.0006055 0.0024273 0.0006057 
EPI_ISL_20257594 0.0012101 0.0024249 0.0018175 0.0030308 0.0018175 0.0000010 0.0018186 0.0000000 0.0030308 0.0024247 0.0024247 0.0048582 0.0048606 0.0018210 0.0048582 0.0024259 0.0000010 0.0042519 0.0024247 0.0024249 0.0030319 0.0006048 0.0030324 0.0018172 0.0054686 0.0036413 0.0024243 0.0006051 0.0024249 
EPI_ISL_20281590 0.0018172 0.0030324 0.0024245 0.0000010 0.0024245 0.0030308 0.0024259 0.0030308 0.0000000 0.0030322 0.0030322 0.0054681 0.0054708 0.0024292 0.0054681 0.0030336 0.0030324 0.0048618 0.0030322 0.0030324 0.0036404 0.0036391 0.0036410 0.0012100 0.0060791 0.0042502 0.0030316 0.0036412 0.0030324 
EPI_ISL_20281595 0.0012106 0.0012109 0.0006053 0.0030322 0.0006053 0.0024247 0.0006057 0.0024247 0.0030322 0.0000000 0.0012108 0.0048602 0.0048626 0.0006065 0.0048602 0.0012114 0.0024259 0.0042538 0.0012108 0.0012109 0.0018181 0.0030322 0.0018185 0.0018180 0.0054709 0.0036429 0.0012106 0.0030339 0.0012109 
EPI_ISL_20281597 0.0012106 0.0012109 0.0006053 0.0030322 0.0006053 0.0024247 0.0006057 0.0024247 0.0030322 0.0012108 0.0000000 0.0048602 0.0048626 0.0006065 0.0048602 0.0012114 0.0024259 0.0042538 0.0012108 0.0012109 0.0018181 0.0030322 0.0006054 0.0018180 0.0054709 0.0036429 0.0012106 0.0030339 0.0012109 
EPI_ISL_20281599 0.0036407 0.0048607 0.0042502 0.0054681 0.0042502 0.0048582 0.0042527 0.0048582 0.0054681 0.0048602 0.0048602 0.0000000 0.0000010 0.0042585 0.0000010 0.0048626 0.0048606 0.0066965 0.0048602 0.0048607 0.0054700 0.0054681 0.0054709 0.0042495 0.0006049 0.0048607 0.0048594 0.0054712 0.0048607 
EPI_ISL_20281603 0.0036425 0.0048631 0.0042523 0.0054708 0.0042523 0.0048606 0.0042548 0.0048606 0.0054708 0.0048626 0.0048626 0.0000010 0.0000000 0.0042606 0.0000010 0.0048650 0.0048630 0.0066998 0.0048626 0.0048631 0.0054727 0.0054708 0.0054736 0.0042516 0.0006052 0.0048631 0.0048618 0.0054739 0.0048631 
EPI_ISL_20281611 0.0006064 0.0006065 0.0000010 0.0024292 0.0000010 0.0018210 0.0000010 0.0018210 0.0024292 0.0006065 0.0006065 0.0042585 0.0042606 0.0000000 0.0042585 0.0006068 0.0018219 0.0036511 0.0006065 0.0006065 0.0012130 0.0024292 0.0012132 0.0012129 0.0048697 0.0030396 0.0006064 0.0024306 0.0006065 
EPI_ISL_20281613 0.0036407 0.0048607 0.0042502 0.0054681 0.0042502 0.0048582 0.0042527 0.0048582 0.0054681 0.0048602 0.0048602 0.0000010 0.0000010 0.0042585 0.0000000 0.0048626 0.0048606 0.0066965 0.0048602 0.0048607 0.0054700 0.0054681 0.0054709 0.0042495 0.0006049 0.0048607 0.0048594 0.0054712 0.0048607 
EPI_ISL_20281614 0.0012112 0.0012115 0.0006056 0.0030336 0.0006056 0.0024259 0.0006059 0.0024259 0.0030336 0.0012114 0.0012114 0.0048626 0.0048650 0.0006068 0.0048626 0.0000000 0.0024271 0.0042558 0.0012114 0.0012115 0.0018190 0.0030336 0.0018193 0.0018189 0.0054736 0.0036446 0.0012112 0.0030353 0.0012115 
EPI_ISL_20281624 0.0012107 0.0024261 0.0018184 0.0030324 0.0018184 0.0000010 0.0018195 0.0000010 0.0030324 0.0024259 0.0024259 0.0048606 0.0048630 0.0018219 0.0048606 0.0024271 0.0000000 0.0042540 0.0024259 0.0024261 0.0030334 0.0006051 0.0030339 0.0018181 0.0054713 0.0036431 0.0024255 0.0006054 0.0024261 
EPI_ISL_20281628 0.0030344 0.0042541 0.0036440 0.0048618 0.0036440 0.0042519 0.0036461 0.0042519 0.0048618 0.0042538 0.0042538 0.0066965 0.0066998 0.0036511 0.0066965 0.0042558 0.0042540 0.0000000 0.0042538 0.0042541 0.0048634 0.0048618 0.0048643 0.0036434 0.0073094 0.0054755 0.0042530 0.0048645 0.0042541 
EPI_ISL_20281633 0.0012106 0.0012109 0.0006053 0.0030322 0.0006053 0.0024247 0.0006057 0.0024247 0.0030322 0.0012108 0.0012108 0.0048602 0.0048626 0.0006065 0.0048602 0.0012114 0.0024259 0.0042538 0.0000000 0.0012109 0.0018181 0.0030322 0.0018185 0.0018180 0.0054709 0.0036429 0.0012106 0.0030339 0.0012109 
EPI_ISL_20281634 0.0012107 0.0012110 0.0006053 0.0030324 0.0006053 0.0024249 0.0006057 0.0024249 0.0030324 0.0012109 0.0012109 0.0048607 0.0048631 0.0006065 0.0048607 0.0012115 0.0024261 0.0042541 0.0012109 0.0000000 0.0018183 0.0030324 0.0018186 0.0018181 0.0054714 0.0036432 0.0012107 0.0030341 0.0012110 
EPI_ISL_20281637 0.0018178 0.0018183 0.0012106 0.0036404 0.0012106 0.0030319 0.0012113 0.0030319 0.0036404 0.0018181 0.0018181 0.0054700 0.0054727 0.0012130 0.0054700 0.0018190 0.0030334 0.0048634 0.0018181 0.0018183 0.0000000 0.0036404 0.0024256 0.0024249 0.0060812 0.0030335 0.0018178 0.0036424 0.0018183 
EPI_ISL_20281644 0.0018172 0.0030324 0.0024245 0.0036391 0.0024245 0.0006048 0.0024259 0.0006048 0.0036391 0.0030322 0.0030322 0.0054681 0.0054708 0.0024292 0.0054681 0.0030336 0.0006051 0.0048618 0.0030322 0.0030324 0.0036404 0.0000000 0.0036410 0.0024241 0.0060791 0.0042502 0.0030316 0.0012104 0.0030324 
EPI_ISL_20281649 0.0018182 0.0018186 0.0012108 0.0036410 0.0012108 0.0030324 0.0012116 0.0030324 0.0036410 0.0018185 0.0006054 0.0054709 0.0054736 0.0012132 0.0054709 0.0018193 0.0030339 0.0048643 0.0018185 0.0018186 0.0024256 0.0036410 0.0000000 0.0024254 0.0060823 0.0042524 0.0018182 0.0036431 0.0018186 
EPI_ISL_20281654 0.0006051 0.0018181 0.0012105 0.0012100 0.0012105 0.0018172 0.0012112 0.0018172 0.0012100 0.0018180 0.0018180 0.0042495 0.0042516 0.0012129 0.0042495 0.0018189 0.0018181 0.0036434 0.0018180 0.0018181 0.0024249 0.0024241 0.0024254 0.0000000 0.0048594 0.0030332 0.0018177 0.0024255 0.0018181 
EPI_ISL_20281655 0.0042499 0.0054714 0.0048602 0.0060791 0.0048602 0.0054686 0.0048631 0.0054686 0.0060791 0.0054709 0.0054709 0.0006049 0.0006052 0.0048697 0.0006049 0.0054736 0.0054713 0.0073094 0.0054709 0.0054714 0.0060812 0.0060791 0.0060823 0.0048594 0.0000000 0.0054714 0.0054700 0.0060826 0.0054714 
EPI_ISL_20281657 0.0024256 0.0036432 0.0030337 0.0042502 0.0030337 0.0036413 0.0030355 0.0036413 0.0042502 0.0036429 0.0036429 0.0048607 0.0048631 0.0030396 0.0048607 0.0036446 0.0036431 0.0054755 0.0036429 0.0036432 0.0030335 0.0042502 0.0042524 0.0030332 0.0054714 0.0000000 0.0036423 0.0042526 0.0036432 
EPI_ISL_20281659 0.0012104 0.0012107 0.0006052 0.0030316 0.0006052 0.0024243 0.0006055 0.0024243 0.0030316 0.0012106 0.0012106 0.0048594 0.0048618 0.0006064 0.0048594 0.0012112 0.0024255 0.0042530 0.0012106 0.0012107 0.0018178 0.0030316 0.0018182 0.0018177 0.0054700 0.0036423 0.0000000 0.0030334 0.0012107 
EPI_ISL_20281665 0.0018182 0.0030341 0.0024259 0.0036412 0.0024259 0.0006051 0.0024273 0.0006051 0.0036412 0.0030339 0.0030339 0.0054712 0.0054739 0.0024306 0.0054712 0.0030353 0.0006054 0.0048645 0.0030339 0.0030341 0.0036424 0.0012104 0.0036431 0.0024255 0.0060826 0.0042526 0.0030334 0.0000000 0.0030341 
EPI_ISL_20281668 0.0012107 0.0012110 0.0006053 0.0030324 0.0006053 0.0024249 0.0006057 0.0024249 0.0030324 0.0012109 0.0012109 0.0048607 0.0048631 0.0006065 0.0048607 0.0012115 0.0024261 0.0042541 0.0012109 0.0012110 0.0018183 0.0030324 0.0018186 0.0018181 0.0054714 0.0036432 0.0012107 0.0030341 0.0000000 
