216
EPI_ISL_20212945 0.0000000 0.0012132 0.0006057 0.0036637 0.0030471 0.0030485 0.0030471 0.0042796 0.0030489 0.0012132 0.0012133 0.0012132 0.0018241 0.0018225 0.0006057 0.0018225 0.0036619 0.0042846 0.0024327 0.0018216 0.0012140 0.0018216 0.0018227 0.0018239 0.0012132 0.0018225 0.0012133 0.0018227 0.0024344 0.0012132 0.0024337 0.0024333 0.0018245 0.0024344 0.0024330 0.0018240 0.0024337 0.0018229 0.0042795 0.0042775 0.0018221 0.0018225 0.0018239 0.0024348 0.0036640 0.0036627 0.0042775 0.0042775 0.0042796 0.0036610 0.0018221 0.0018230 0.0018221 0.0018230 0.0030521 0.0036637 0.0024327 0.0018229 0.0018229 0.0012156 0.0018237 0.0018225 0.0018229 0.0018225 0.0024341 0.0024327 0.0024346 0.0030475 0.0018221 0.0024340 0.0018225 0.0018227 0.0012133 0.0018238 0.0018229 0.0036627 0.0018236 0.0024324 0.0018221 0.0026211 0.0018225 0.0024346 0.0030472 0.0018237 0.0030485 0.0030495 0.0018237 0.0024350 0.0018227 0.0024340 0.0024436 0.0024330 0.0012132 0.0036619 0.0042840 0.0036610 0.0036610 0.0030478 0.0042795 0.0042806 0.0024344 0.0018229 0.0036627 0.0042775 0.0036619 0.0036619 0.0036619 0.0030488 0.0042825 0.0018221 0.0030471 0.0024337 0.0024339 0.0024339 0.0036646 0.0036610 0.0024344 0.0030478 0.0030586 0.0030489 0.0018225 0.0030458 0.0018229 0.0012139 0.0012147 0.0042984 0.0012147 0.0018232 0.0030475 0.0024355 0.0018236 0.0024330 0.0030464 0.0024335 0.0024324 0.0018221 0.0018225 0.0030495 0.0012129 0.0012140 0.0012132 0.0018250 0.0018236 0.0030461 0.0012140 0.0018221 0.0018221 0.0024346 0.0012142 0.0006061 0.0036619 0.0018240 0.0030594 0.0012140 0.0030461 0.0018240 0.0024337 0.0018244 0.0024330 0.0024342 0.0018221 0.0012133 0.0018221 0.0030471 0.0024359 0.0042775 0.0012129 0.0024341 0.0018221 0.0018224 0.0030493 0.0012129 0.0012135 0.0012133 0.0018231 0.0018221 0.0018227 0.0018229 0.0024342 0.0012135 0.0018229 0.0012135 0.0018225 0.0030488 0.0012133 0.0024333 0.0030489 0.0024344 0.0024344 0.0012140 0.0012132 0.0018221 0.0024333 0.0043020 0.0030475 0.0024344 0.0042962 0.0024341 0.0018225 0.0030478 0.0018225 0.0030461 0.0018223 0.0024342 0.0036619 0.0018221 0.0036619 0.0036760 0.0024337 0.0024342 0.0036760 0.0018223 0.0030478 0.0036627 0.0018239 0.0030486 
EPI_ISL_20212992 0.0012132 0.0000000 0.0006057 0.0036637 0.0030471 0.0030485 0.0030471 0.0042796 0.0030489 0.0012132 0.0012133 0.0012132 0.0018241 0.0018225 0.0006057 0.0018225 0.0036619 0.0042846 0.0024327 0.0018216 0.0012140 0.0018216 0.0018227 0.0018239 0.0012132 0.0018225 0.0012133 0.0018227 0.0024344 0.0012132 0.0024337 0.0024333 0.0018245 0.0024344 0.0024330 0.0018240 0.0024337 0.0018229 0.0042795 0.0042775 0.0018221 0.0018225 0.0018239 0.0024348 0.0036640 0.0036627 0.0042775 0.0042775 0.0042796 0.0036610 0.0018221 0.0018230 0.0018221 0.0018230 0.0030521 0.0036637 0.0024327 0.0018229 0.0018229 0.0012156 0.0018237 0.0018225 0.0018229 0.0018225 0.0024341 0.0024327 0.0024346 0.0030475 0.0018221 0.0024340 0.0018225 0.0018227 0.0012133 0.0018238 0.0018229 0.0036627 0.0018236 0.0024324 0.0018221 0.0026211 0.0018225 0.0024346 0.0030472 0.0018237 0.0030485 0.0030495 0.0018237 0.0024350 0.0018227 0.0024340 0.0024436 0.0024330 0.0012132 0.0036619 0.0042840 0.0036610 0.0036610 0.0030478 0.0042795 0.0042806 0.0024344 0.0018229 0.0036627 0.0042775 0.0036619 0.0036619 0.0036619 0.0030488 0.0042825 0.0018221 0.0030471 0.0024337 0.0024339 0.0024339 0.0036646 0.0036610 0.0024344 0.0030478 0.0030586 0.0030489 0.0018225 0.0030458 0.0018229 0.0012139 0.0012147 0.0042984 0.0012147 0.0018232 0.0030475 0.0024355 0.0018236 0.0024330 0.0030464 0.0024335 0.0024324 0.0006057 0.0018225 0.0030495 0.0012129 0.0012140 0.0012132 0.0018250 0.0018236 0.0030461 0.0012140 0.0018221 0.0018221 0.0024346 0.0012142 0.0006061 0.0036619 0.0018240 0.0030594 0.0012140 0.0030461 0.0018240 0.0024337 0.0018244 0.0024330 0.0024342 0.0018221 0.0012133 0.0018221 0.0030471 0.0024359 0.0042775 0.0012129 0.0024341 0.0018221 0.0018224 0.0030493 0.0012129 0.0012135 0.0012133 0.0018231 0.0018221 0.0018227 0.0018229 0.0024342 0.0012135 0.0018229 0.0012135 0.0018225 0.0030488 0.0012133 0.0024333 0.0030489 0.0024344 0.0024344 0.0012140 0.0012132 0.0018221 0.0024333 0.0043020 0.0030475 0.0024344 0.0042962 0.0024341 0.0018225 0.0030478 0.0018225 0.0030461 0.0018223 0.0024342 0.0036619 0.0018221 0.0036619 0.0036760 0.0024337 0.0024342 0.0036760 0.0018223 0.0030478 0.0036627 0.0018239 0.0030486 
EPI_ISL_20236994 0.0006057 0.0006057 0.0000000 0.0030486 0.0024340 0.0024347 0.0024340 0.0036628 0.0024355 0.0006057 0.0006058 0.0006057 0.0012142 0.0012132 0.0000010 0.0012132 0.0030471 0.0036671 0.0018218 0.0012126 0.0006061 0.0012126 0.0012133 0.0012141 0.0006057 0.0012132 0.0006058 0.0012133 0.0018231 0.0006057 0.0018225 0.0018223 0.0012145 0.0018231 0.0018221 0.0012142 0.0018225 0.0012135 0.0036627 0.0036610 0.0012129 0.0012132 0.0012141 0.0018238 0.0030487 0.0030477 0.0036610 0.0036610 0.0036628 0.0030463 0.0012129 0.0012135 0.0012129 0.0012135 0.0024378 0.0030486 0.0018218 0.0012135 0.0012135 0.0006069 0.0012140 0.0012132 0.0012135 0.0012132 0.0018229 0.0018218 0.0018233 0.0024344 0.0012129 0.0018228 0.0012132 0.0012133 0.0006058 0.0012140 0.0012135 0.0030477 0.0012140 0.0018216 0.0012129 0.0019627 0.0012132 0.0018233 0.0024342 0.0012140 0.0024351 0.0024360 0.0012140 0.0018235 0.0012133 0.0018228 0.0018300 0.0018221 0.0006057 0.0030471 0.0036665 0.0030463 0.0030463 0.0024346 0.0036627 0.0036637 0.0018231 0.0012135 0.0030477 0.0036610 0.0030471 0.0030471 0.0030471 0.0024354 0.0036652 0.0012129 0.0024340 0.0018225 0.0018227 0.0018227 0.0030493 0.0030463 0.0018236 0.0024346 0.0024432 0.0024355 0.0012132 0.0024330 0.0012135 0.0006061 0.0006064 0.0036789 0.0006064 0.0012136 0.0024344 0.0018239 0.0012139 0.0018221 0.0024335 0.0018224 0.0018216 0.0012129 0.0012132 0.0024360 0.0006056 0.0006061 0.0006057 0.0012149 0.0012140 0.0024333 0.0006061 0.0012129 0.0012129 0.0018233 0.0006062 0.0000025 0.0030471 0.0012142 0.0024439 0.0006061 0.0024333 0.0012142 0.0018225 0.0012145 0.0018221 0.0018229 0.0012129 0.0006058 0.0012129 0.0024340 0.0018244 0.0036610 0.0006056 0.0018229 0.0012129 0.0012132 0.0024353 0.0006056 0.0006058 0.0006058 0.0012136 0.0012129 0.0012133 0.0012135 0.0018229 0.0006058 0.0012135 0.0006058 0.0012132 0.0024354 0.0006058 0.0018223 0.0024355 0.0018231 0.0018231 0.0006061 0.0006057 0.0012129 0.0018223 0.0036820 0.0024344 0.0018231 0.0036769 0.0018229 0.0012132 0.0024346 0.0012132 0.0024333 0.0012130 0.0018229 0.0030471 0.0012129 0.0030471 0.0030587 0.0018225 0.0018229 0.0030587 0.0012130 0.0024346 0.0030477 0.0012141 0.0024352 
EPI_ISL_20244506 0.0036637 0.0036637 0.0030486 0.0000000 0.0006061 0.0006064 0.0006061 0.0006061 0.0006065 0.0036637 0.0036641 0.0036637 0.0042844 0.0042807 0.0030486 0.0042807 0.0012141 0.0006068 0.0048975 0.0042785 0.0036659 0.0042785 0.0042812 0.0042839 0.0036637 0.0042807 0.0036641 0.0042812 0.0049011 0.0036637 0.0036647 0.0048988 0.0042853 0.0049011 0.0048983 0.0042842 0.0048995 0.0042816 0.0006064 0.0006061 0.0042796 0.0042807 0.0042840 0.0049032 0.0012148 0.0012143 0.0018234 0.0018234 0.0006061 0.0012138 0.0042796 0.0042818 0.0042796 0.0042819 0.0006064 0.0000010 0.0048975 0.0042816 0.0042816 0.0036709 0.0042836 0.0042807 0.0042816 0.0042807 0.0049005 0.0048975 0.0049016 0.0055219 0.0042796 0.0049003 0.0042807 0.0042812 0.0036641 0.0042837 0.0042816 0.0012143 0.0042834 0.0048970 0.0042796 0.0052796 0.0042807 0.0049016 0.0055213 0.0042834 0.0055236 0.0055256 0.0042836 0.0049023 0.0042812 0.0049004 0.0049197 0.0048983 0.0036637 0.0000010 0.0018261 0.0012138 0.0012138 0.0055225 0.0018242 0.0018247 0.0049011 0.0042816 0.0012143 0.0006061 0.0012141 0.0012141 0.0012141 0.0006065 0.0006068 0.0042796 0.0055211 0.0036647 0.0049000 0.0049000 0.0012149 0.0012138 0.0049025 0.0055225 0.0055420 0.0006065 0.0042807 0.0055188 0.0042816 0.0036658 0.0036681 0.0018322 0.0036681 0.0042823 0.0055219 0.0049033 0.0042832 0.0048983 0.0055199 0.0048993 0.0048970 0.0042796 0.0042807 0.0055256 0.0036628 0.0036660 0.0036637 0.0042867 0.0042833 0.0055194 0.0036660 0.0042796 0.0042796 0.0049015 0.0036668 0.0030502 0.0012141 0.0042843 0.0055435 0.0036659 0.0055194 0.0042842 0.0048995 0.0042852 0.0048983 0.0049005 0.0042796 0.0036641 0.0042796 0.0055211 0.0049047 0.0018234 0.0036628 0.0049005 0.0042796 0.0042805 0.0055255 0.0036628 0.0036645 0.0036641 0.0042820 0.0042796 0.0042812 0.0042816 0.0049005 0.0036645 0.0042816 0.0036645 0.0042807 0.0006065 0.0036641 0.0048988 0.0006065 0.0049011 0.0049011 0.0036660 0.0036637 0.0042796 0.0048988 0.0018338 0.0055219 0.0049011 0.0018313 0.0049005 0.0042807 0.0055225 0.0042807 0.0055194 0.0042801 0.0049005 0.0012141 0.0042796 0.0012141 0.0012187 0.0048995 0.0049005 0.0012187 0.0042801 0.0055225 0.0012143 0.0042840 0.0006064 
EPI_ISL_20244507 0.0030471 0.0030471 0.0024340 0.0006061 0.0000000 0.0000025 0.0000010 0.0012138 0.0000010 0.0030471 0.0030474 0.0030471 0.0036651 0.0036619 0.0024340 0.0036619 0.0006058 0.0012152 0.0042768 0.0036600 0.0030489 0.0036600 0.0036623 0.0036646 0.0030471 0.0036619 0.0030474 0.0036623 0.0042799 0.0030471 0.0030478 0.0042779 0.0036658 0.0042799 0.0042775 0.0036649 0.0042786 0.0036627 0.0012137 0.0012132 0.0036610 0.0036619 0.0036647 0.0042817 0.0006062 0.0006060 0.0012132 0.0012132 0.0012138 0.0006057 0.0036610 0.0036628 0.0036610 0.0036629 0.0000025 0.0006061 0.0042768 0.0036627 0.0036627 0.0030529 0.0036643 0.0036619 0.0036627 0.0036619 0.0042795 0.0042768 0.0042803 0.0048986 0.0036610 0.0042792 0.0036619 0.0036623 0.0030474 0.0036644 0.0036627 0.0006060 0.0036642 0.0042764 0.0036610 0.0046097 0.0036619 0.0042803 0.0048981 0.0036642 0.0049001 0.0049019 0.0036643 0.0042810 0.0036623 0.0042793 0.0042962 0.0042775 0.0030471 0.0006058 0.0012150 0.0006057 0.0006057 0.0048991 0.0012137 0.0012140 0.0042799 0.0036627 0.0006060 0.0012132 0.0006058 0.0006058 0.0006058 0.0000010 0.0012146 0.0036610 0.0048979 0.0030478 0.0042790 0.0042790 0.0006063 0.0006057 0.0042811 0.0048991 0.0049164 0.0000010 0.0036619 0.0048958 0.0036627 0.0030487 0.0030506 0.0012191 0.0030506 0.0036632 0.0048986 0.0042818 0.0036640 0.0042775 0.0048968 0.0042784 0.0042764 0.0036610 0.0036619 0.0049018 0.0030463 0.0030488 0.0030471 0.0036669 0.0036641 0.0048963 0.0030489 0.0036610 0.0036610 0.0042803 0.0030495 0.0024348 0.0006058 0.0036650 0.0049177 0.0030489 0.0048963 0.0036649 0.0042786 0.0036657 0.0042775 0.0042795 0.0036610 0.0030474 0.0036610 0.0048979 0.0042831 0.0012132 0.0030463 0.0042795 0.0036610 0.0036617 0.0049018 0.0030463 0.0030477 0.0030474 0.0036630 0.0036610 0.0036623 0.0036627 0.0042795 0.0030477 0.0036627 0.0030477 0.0036619 0.0000010 0.0030474 0.0042779 0.0000010 0.0042799 0.0042799 0.0030489 0.0030471 0.0036610 0.0042779 0.0012201 0.0048986 0.0042799 0.0012184 0.0042795 0.0036619 0.0048991 0.0036619 0.0048963 0.0036613 0.0042795 0.0006058 0.0036610 0.0006058 0.0006082 0.0042786 0.0042795 0.0006082 0.0036613 0.0048991 0.0006060 0.0036647 0.0000010 
EPI_ISL_20244508 0.0030485 0.0030485 0.0024347 0.0006064 0.0000025 0.0000000 0.0000025 0.0012144 0.0000025 0.0030485 0.0030488 0.0030485 0.0036670 0.0036638 0.0024347 0.0036638 0.0006061 0.0012158 0.0042791 0.0036619 0.0030503 0.0036619 0.0036642 0.0036665 0.0030485 0.0036638 0.0030488 0.0036642 0.0042822 0.0030485 0.0030493 0.0042802 0.0036677 0.0042822 0.0042798 0.0036668 0.0042809 0.0036646 0.0012143 0.0012138 0.0036629 0.0036638 0.0036666 0.0042839 0.0006056 0.0006063 0.0012138 0.0012138 0.0012144 0.0006060 0.0036629 0.0036647 0.0036629 0.0036646 0.0000021 0.0006064 0.0042791 0.0036646 0.0036646 0.0030545 0.0036662 0.0036638 0.0036646 0.0036638 0.0036642 0.0042791 0.0042826 0.0049013 0.0036629 0.0042815 0.0036638 0.0036642 0.0030488 0.0036661 0.0036646 0.0006063 0.0036660 0.0042787 0.0036629 0.0046097 0.0036638 0.0042826 0.0049007 0.0036659 0.0049028 0.0049045 0.0036662 0.0042833 0.0036642 0.0042816 0.0042984 0.0042798 0.0030485 0.0006061 0.0012156 0.0006060 0.0006060 0.0049018 0.0012143 0.0012147 0.0042822 0.0036646 0.0006063 0.0012138 0.0006061 0.0006061 0.0006061 0.0000025 0.0012152 0.0036629 0.0049005 0.0030493 0.0042813 0.0042813 0.0006066 0.0006060 0.0042833 0.0049017 0.0049191 0.0000025 0.0036638 0.0048985 0.0036646 0.0030504 0.0030522 0.0012197 0.0030522 0.0036651 0.0049013 0.0042841 0.0036658 0.0042798 0.0048995 0.0042806 0.0042787 0.0036629 0.0036638 0.0049045 0.0030477 0.0030505 0.0030485 0.0036688 0.0036660 0.0048990 0.0030504 0.0036629 0.0036629 0.0042826 0.0030511 0.0024364 0.0006061 0.0036667 0.0049204 0.0030503 0.0048990 0.0036668 0.0042809 0.0036674 0.0042798 0.0042817 0.0036629 0.0030488 0.0036629 0.0049005 0.0042845 0.0012138 0.0030477 0.0042817 0.0036629 0.0036636 0.0049042 0.0030477 0.0030491 0.0030488 0.0036649 0.0036629 0.0036642 0.0036646 0.0042817 0.0030491 0.0036646 0.0030491 0.0036638 0.0000025 0.0030488 0.0042802 0.0000025 0.0042822 0.0042822 0.0030504 0.0030485 0.0036629 0.0042802 0.0012198 0.0049013 0.0042822 0.0012191 0.0042817 0.0036638 0.0049018 0.0036638 0.0048990 0.0036632 0.0042817 0.0006061 0.0036629 0.0006061 0.0006085 0.0042809 0.0042817 0.0006085 0.0036632 0.0049018 0.0006063 0.0036666 0.0000025 
EPI_ISL_20244509 0.0030471 0.0030471 0.0024340 0.0006061 0.0000010 0.0000025 0.0000000 0.0012138 0.0000010 0.0030471 0.0030474 0.0030471 0.0036651 0.0036619 0.0024340 0.0036619 0.0006058 0.0012152 0.0042768 0.0036600 0.0030489 0.0036600 0.0036623 0.0036646 0.0030471 0.0036619 0.0030474 0.0036623 0.0042799 0.0030471 0.0030478 0.0042779 0.0036658 0.0042799 0.0042775 0.0036649 0.0042786 0.0036627 0.0012137 0.0012132 0.0036610 0.0036619 0.0036647 0.0042817 0.0006062 0.0006060 0.0012132 0.0012132 0.0012138 0.0006057 0.0036610 0.0036628 0.0036610 0.0036629 0.0000025 0.0006061 0.0042768 0.0036627 0.0036627 0.0030529 0.0036643 0.0036619 0.0036627 0.0036619 0.0042795 0.0042768 0.0042803 0.0048986 0.0036610 0.0042792 0.0036619 0.0036623 0.0030474 0.0036644 0.0036627 0.0006060 0.0036642 0.0042764 0.0036610 0.0046097 0.0036619 0.0042803 0.0048981 0.0036642 0.0049001 0.0049019 0.0036643 0.0042810 0.0036623 0.0042793 0.0042962 0.0042775 0.0030471 0.0006058 0.0012150 0.0006057 0.0006057 0.0048991 0.0012137 0.0012140 0.0042799 0.0036627 0.0006060 0.0012132 0.0006058 0.0006058 0.0006058 0.0000010 0.0012146 0.0036610 0.0048979 0.0030478 0.0042790 0.0042790 0.0006063 0.0006057 0.0042811 0.0048991 0.0049164 0.0000010 0.0036619 0.0048958 0.0036627 0.0030487 0.0030506 0.0012191 0.0030506 0.0036632 0.0048986 0.0042818 0.0036640 0.0042775 0.0048968 0.0042784 0.0042764 0.0036610 0.0036619 0.0049018 0.0030463 0.0030488 0.0030471 0.0036669 0.0036641 0.0048963 0.0030489 0.0036610 0.0036610 0.0042803 0.0030495 0.0024348 0.0006058 0.0036650 0.0049177 0.0030489 0.0048963 0.0036649 0.0042786 0.0036657 0.0042775 0.0042795 0.0036610 0.0030474 0.0036610 0.0048979 0.0042831 0.0012132 0.0030463 0.0042795 0.0036610 0.0036617 0.0049018 0.0030463 0.0030477 0.0030474 0.0036630 0.0036610 0.0036623 0.0036627 0.0042795 0.0030477 0.0036627 0.0030477 0.0036619 0.0000010 0.0030474 0.0042779 0.0000010 0.0042799 0.0042799 0.0030489 0.0030471 0.0036610 0.0042779 0.0012201 0.0048986 0.0042799 0.0012184 0.0042795 0.0036619 0.0048991 0.0036619 0.0048963 0.0036613 0.0042795 0.0006058 0.0036610 0.0006058 0.0006082 0.0042786 0.0042795 0.0006082 0.0036613 0.0048991 0.0006060 0.0036647 0.0000010 
EPI_ISL_20244511 0.0042796 0.0042796 0.0036628 0.0006061 0.0012138 0.0012144 0.0012138 0.0000000 0.0012145 0.0042796 0.0042801 0.0042796 0.0049026 0.0048983 0.0036628 0.0048983 0.0018234 0.0000010 0.0055165 0.0048958 0.0042822 0.0048958 0.0048988 0.0049019 0.0042796 0.0048983 0.0042801 0.0048988 0.0055205 0.0042796 0.0042807 0.0055179 0.0049035 0.0055205 0.0055174 0.0049023 0.0055188 0.0048993 0.0012143 0.0000010 0.0048970 0.0048983 0.0049021 0.0055230 0.0018244 0.0018237 0.0012138 0.0024341 0.0000010 0.0018229 0.0048970 0.0048995 0.0048970 0.0048997 0.0012157 0.0006061 0.0055165 0.0048993 0.0048993 0.0042880 0.0049015 0.0048982 0.0048993 0.0048983 0.0055199 0.0055165 0.0055211 0.0061430 0.0048970 0.0055197 0.0048983 0.0048988 0.0042801 0.0049017 0.0048993 0.0018237 0.0049013 0.0055160 0.0048970 0.0059474 0.0048983 0.0055211 0.0061424 0.0049014 0.0061450 0.0061472 0.0049015 0.0055220 0.0048988 0.0055197 0.0055415 0.0055174 0.0042796 0.0006061 0.0024378 0.0018229 0.0018229 0.0061437 0.0024352 0.0024359 0.0055205 0.0048993 0.0018237 0.0000010 0.0018234 0.0018234 0.0018234 0.0012144 0.0000010 0.0048970 0.0049003 0.0042807 0.0055194 0.0055194 0.0018247 0.0018229 0.0055221 0.0061437 0.0061654 0.0012145 0.0048983 0.0061395 0.0048993 0.0042822 0.0042848 0.0024460 0.0042848 0.0049001 0.0061430 0.0055231 0.0049012 0.0055174 0.0061408 0.0055185 0.0055160 0.0048970 0.0048983 0.0061471 0.0042785 0.0042823 0.0042796 0.0049052 0.0049012 0.0061402 0.0042823 0.0048970 0.0048970 0.0055211 0.0042832 0.0036649 0.0018234 0.0049025 0.0061671 0.0042822 0.0061402 0.0049023 0.0055188 0.0049035 0.0055174 0.0055199 0.0048970 0.0042801 0.0048970 0.0061421 0.0055247 0.0024341 0.0042785 0.0055199 0.0048970 0.0048980 0.0061471 0.0042785 0.0042805 0.0042801 0.0048998 0.0048970 0.0048988 0.0048993 0.0055199 0.0042805 0.0048993 0.0042805 0.0048983 0.0012144 0.0042801 0.0055179 0.0012145 0.0055205 0.0055205 0.0042823 0.0042796 0.0048970 0.0055179 0.0024481 0.0061430 0.0055205 0.0024447 0.0055199 0.0048983 0.0061437 0.0048983 0.0061402 0.0048975 0.0055199 0.0018234 0.0048970 0.0018234 0.0018303 0.0055188 0.0055199 0.0018303 0.0048975 0.0061437 0.0018237 0.0049021 0.0012144 
EPI_ISL_20244513 0.0030489 0.0030489 0.0024355 0.0006065 0.0000010 0.0000025 0.0000010 0.0012145 0.0000000 0.0030489 0.0030492 0.0030489 0.0036673 0.0036641 0.0024355 0.0036641 0.0006062 0.0012159 0.0042794 0.0036622 0.0030507 0.0036622 0.0036645 0.0036668 0.0030489 0.0036641 0.0030492 0.0036645 0.0042825 0.0030489 0.0030497 0.0042805 0.0036680 0.0042825 0.0042801 0.0036671 0.0042812 0.0036649 0.0012144 0.0012139 0.0036632 0.0036641 0.0036669 0.0042843 0.0006065 0.0006063 0.0012139 0.0012139 0.0012145 0.0006060 0.0036632 0.0036650 0.0036632 0.0036651 0.0000025 0.0006065 0.0042794 0.0036649 0.0036649 0.0030547 0.0036665 0.0036641 0.0036649 0.0036641 0.0042820 0.0042794 0.0042829 0.0049016 0.0036632 0.0042818 0.0036641 0.0036645 0.0030492 0.0036666 0.0036649 0.0006063 0.0036664 0.0042790 0.0036632 0.0046127 0.0036641 0.0042829 0.0049011 0.0036664 0.0049031 0.0049048 0.0036665 0.0042836 0.0036645 0.0042819 0.0042988 0.0042801 0.0030489 0.0006062 0.0012157 0.0006060 0.0006060 0.0049021 0.0012144 0.0012148 0.0042825 0.0036649 0.0006063 0.0012139 0.0006062 0.0006062 0.0006062 0.0000010 0.0012153 0.0036632 0.0049008 0.0030497 0.0042816 0.0042816 0.0006066 0.0006060 0.0042837 0.0049021 0.0049194 0.0000010 0.0036641 0.0048988 0.0036649 0.0030505 0.0030524 0.0012198 0.0030524 0.0036654 0.0049016 0.0042844 0.0036662 0.0042801 0.0048998 0.0042810 0.0042790 0.0036632 0.0036641 0.0049048 0.0030481 0.0030507 0.0030489 0.0036691 0.0036663 0.0048993 0.0030507 0.0036632 0.0036632 0.0042829 0.0030513 0.0024363 0.0006062 0.0036672 0.0049207 0.0030507 0.0048993 0.0036671 0.0042812 0.0036679 0.0042801 0.0042820 0.0036632 0.0030492 0.0036632 0.0049008 0.0042856 0.0012139 0.0030481 0.0042820 0.0036632 0.0036639 0.0049047 0.0030481 0.0030495 0.0030492 0.0036652 0.0036632 0.0036645 0.0036649 0.0042820 0.0030495 0.0036649 0.0030495 0.0036641 0.0000010 0.0030492 0.0042805 0.0000010 0.0042825 0.0042825 0.0030507 0.0030489 0.0036632 0.0042805 0.0012209 0.0049016 0.0042825 0.0012192 0.0042820 0.0036641 0.0049021 0.0036641 0.0048993 0.0036636 0.0042820 0.0006062 0.0036632 0.0006062 0.0006085 0.0042812 0.0042820 0.0006085 0.0036636 0.0049021 0.0006063 0.0036669 0.0000010 
EPI_ISL_20249456 0.0012132 0.0012132 0.0006057 0.0036637 0.0030471 0.0030485 0.0030471 0.0042796 0.0030489 0.0000000 0.0012133 0.0000010 0.0018241 0.0006059 0.0006057 0.0006059 0.0036619 0.0042846 0.0024327 0.0018216 0.0000010 0.0018216 0.0018227 0.0018239 0.0012132 0.0006059 0.0012133 0.0018227 0.0024344 0.0012132 0.0012135 0.0024333 0.0006065 0.0024344 0.0024330 0.0006064 0.0012135 0.0006060 0.0042795 0.0042775 0.0006057 0.0006059 0.0018239 0.0012144 0.0036640 0.0036627 0.0042775 0.0042775 0.0042796 0.0036610 0.0006057 0.0006060 0.0006057 0.0006060 0.0030521 0.0036637 0.0024327 0.0006060 0.0006060 0.0000025 0.0006063 0.0018225 0.0006060 0.0006059 0.0012138 0.0024327 0.0012140 0.0030475 0.0006057 0.0024340 0.0006059 0.0006059 0.0012133 0.0006063 0.0006060 0.0036627 0.0018236 0.0024324 0.0006057 0.0026211 0.0006059 0.0012140 0.0030472 0.0018237 0.0018241 0.0018247 0.0006063 0.0024350 0.0006059 0.0024340 0.0012185 0.0024330 0.0012132 0.0036619 0.0042840 0.0036610 0.0036610 0.0030478 0.0042795 0.0042806 0.0012139 0.0018229 0.0036627 0.0042775 0.0036619 0.0036619 0.0036619 0.0030488 0.0042825 0.0018221 0.0030471 0.0012135 0.0012137 0.0024339 0.0036646 0.0036610 0.0012142 0.0030478 0.0030586 0.0030489 0.0006059 0.0018225 0.0006060 0.0000025 0.0012147 0.0042984 0.0012147 0.0018232 0.0018235 0.0024355 0.0006062 0.0024330 0.0018229 0.0012135 0.0024324 0.0018221 0.0006059 0.0030495 0.0012129 0.0000025 0.0012132 0.0006059 0.0006062 0.0018227 0.0012140 0.0006057 0.0006057 0.0024346 0.0000025 0.0006061 0.0036619 0.0006064 0.0018306 0.0000010 0.0018227 0.0006064 0.0012135 0.0006065 0.0024330 0.0012138 0.0018221 0.0012133 0.0018221 0.0018233 0.0012147 0.0042775 0.0012129 0.0012138 0.0018221 0.0018224 0.0030493 0.0012129 0.0012135 0.0012133 0.0018231 0.0018221 0.0006059 0.0006060 0.0024342 0.0012135 0.0018229 0.0012135 0.0006059 0.0030488 0.0012133 0.0012133 0.0030489 0.0024344 0.0012139 0.0012140 0.0012132 0.0018221 0.0012133 0.0043020 0.0030475 0.0012139 0.0042962 0.0012138 0.0018225 0.0030478 0.0018225 0.0018227 0.0018223 0.0024342 0.0036619 0.0018221 0.0036619 0.0036760 0.0024337 0.0024342 0.0036760 0.0018223 0.0030478 0.0036627 0.0018239 0.0030486 
EPI_ISL_20249457 0.0012133 0.0012133 0.0006058 0.0036641 0.0030474 0.0030488 0.0030474 0.0042801 0.0030492 0.0012133 0.0000000 0.0012133 0.0018243 0.0018227 0.0006058 0.0018227 0.0036623 0.0042850 0.0012125 0.0018218 0.0012141 0.0018218 0.0018229 0.0018240 0.0012133 0.0018227 0.0000010 0.0018229 0.0024346 0.0012133 0.0024339 0.0024335 0.0018246 0.0024346 0.0024333 0.0018242 0.0024339 0.0018231 0.0042799 0.0042779 0.0018223 0.0018227 0.0006060 0.0024350 0.0036644 0.0036630 0.0042779 0.0042779 0.0042801 0.0036613 0.0018223 0.0018232 0.0018223 0.0018232 0.0030524 0.0036641 0.0012125 0.0018231 0.0018231 0.0012157 0.0018239 0.0018227 0.0018231 0.0018227 0.0024344 0.0024329 0.0024349 0.0030478 0.0018223 0.0024342 0.0018227 0.0018229 0.0012135 0.0018239 0.0018231 0.0036630 0.0018238 0.0024327 0.0018223 0.0026214 0.0018227 0.0024349 0.0030475 0.0018238 0.0030488 0.0030498 0.0018239 0.0024353 0.0018229 0.0024343 0.0024439 0.0024333 0.0012133 0.0036623 0.0042844 0.0036613 0.0036613 0.0030481 0.0042799 0.0042811 0.0024346 0.0018231 0.0036630 0.0042779 0.0036623 0.0036623 0.0036623 0.0030491 0.0042829 0.0018223 0.0030474 0.0024339 0.0024341 0.0024341 0.0036650 0.0036613 0.0024347 0.0030481 0.0030589 0.0030492 0.0018227 0.0030461 0.0018231 0.0012140 0.0012148 0.0042989 0.0012148 0.0018234 0.0030478 0.0024357 0.0018238 0.0024333 0.0030467 0.0024338 0.0024327 0.0018223 0.0018227 0.0030498 0.0012130 0.0012141 0.0012133 0.0018252 0.0018238 0.0030464 0.0012141 0.0018223 0.0018223 0.0024349 0.0012144 0.0006061 0.0036623 0.0018242 0.0030597 0.0012141 0.0030464 0.0018242 0.0024339 0.0018246 0.0024333 0.0024344 0.0018223 0.0012135 0.0018223 0.0030474 0.0024361 0.0042779 0.0012130 0.0024344 0.0018223 0.0018226 0.0030496 0.0012130 0.0012136 0.0012135 0.0018233 0.0018223 0.0018229 0.0018231 0.0024344 0.0012136 0.0018231 0.0012136 0.0018227 0.0030491 0.0012135 0.0024335 0.0030492 0.0024346 0.0024346 0.0012141 0.0012133 0.0018223 0.0024335 0.0043025 0.0030478 0.0024346 0.0042966 0.0024344 0.0018227 0.0030481 0.0018227 0.0030464 0.0018224 0.0024344 0.0036623 0.0018223 0.0036623 0.0036763 0.0024339 0.0024344 0.0036763 0.0018224 0.0030481 0.0036630 0.0018241 0.0030489 
EPI_ISL_20249459 0.0012132 0.0012132 0.0006057 0.0036637 0.0030471 0.0030485 0.0030471 0.0042796 0.0030489 0.0000010 0.0012133 0.0000000 0.0018241 0.0006059 0.0006057 0.0006059 0.0036619 0.0042846 0.0024327 0.0018216 0.0000010 0.0018216 0.0018227 0.0018239 0.0012132 0.0006059 0.0012133 0.0018227 0.0024344 0.0012132 0.0012135 0.0024333 0.0006065 0.0024344 0.0024330 0.0006064 0.0012135 0.0006060 0.0042795 0.0042775 0.0006057 0.0006059 0.0018239 0.0012144 0.0036640 0.0036627 0.0042775 0.0042775 0.0042796 0.0036610 0.0006057 0.0006060 0.0006057 0.0006060 0.0030521 0.0036637 0.0024327 0.0006060 0.0006060 0.0000025 0.0006063 0.0018225 0.0006060 0.0006059 0.0012138 0.0024327 0.0012140 0.0030475 0.0006057 0.0024340 0.0006059 0.0006059 0.0012133 0.0006063 0.0006060 0.0036627 0.0018236 0.0024324 0.0006057 0.0026211 0.0006059 0.0012140 0.0030472 0.0018237 0.0018241 0.0018247 0.0006063 0.0024350 0.0006059 0.0024340 0.0012185 0.0024330 0.0012132 0.0036619 0.0042840 0.0036610 0.0036610 0.0030478 0.0042795 0.0042806 0.0012139 0.0018229 0.0036627 0.0042775 0.0036619 0.0036619 0.0036619 0.0030488 0.0042825 0.0018221 0.0030471 0.0012135 0.0012137 0.0024339 0.0036646 0.0036610 0.0012142 0.0030478 0.0030586 0.0030489 0.0006059 0.0018225 0.0006060 0.0000025 0.0012147 0.0042984 0.0012147 0.0018232 0.0018235 0.0024355 0.0006062 0.0024330 0.0018229 0.0012135 0.0024324 0.0018221 0.0006059 0.0030495 0.0012129 0.0000025 0.0012132 0.0006059 0.0006062 0.0018227 0.0012140 0.0006057 0.0006057 0.0024346 0.0000025 0.0006061 0.0036619 0.0006064 0.0018306 0.0000010 0.0018227 0.0006064 0.0012135 0.0006065 0.0024330 0.0012138 0.0018221 0.0012133 0.0018221 0.0018233 0.0012147 0.0042775 0.0012129 0.0012138 0.0018221 0.0018224 0.0030493 0.0012129 0.0012135 0.0012133 0.0018231 0.0018221 0.0006059 0.0006060 0.0024342 0.0012135 0.0018229 0.0012135 0.0006059 0.0030488 0.0012133 0.0012133 0.0030489 0.0024344 0.0012139 0.0012140 0.0012132 0.0018221 0.0012133 0.0043020 0.0030475 0.0012139 0.0042962 0.0012138 0.0018225 0.0030478 0.0018225 0.0018227 0.0018223 0.0024342 0.0036619 0.0018221 0.0036619 0.0036760 0.0024337 0.0024342 0.0036760 0.0018223 0.0030478 0.0036627 0.0018239 0.0030486 
EPI_ISL_20249460 0.0018241 0.0018241 0.0012142 0.0042844 0.0036651 0.0036670 0.0036651 0.0049026 0.0036673 0.0018241 0.0018243 0.0018241 0.0000000 0.0024357 0.0012142 0.0024357 0.0042823 0.0049083 0.0030480 0.0024345 0.0018252 0.0024345 0.0024360 0.0024375 0.0018241 0.0024357 0.0018243 0.0024360 0.0030501 0.0018241 0.0030492 0.0030487 0.0024383 0.0030501 0.0030484 0.0024377 0.0030492 0.0024362 0.0049024 0.0049001 0.0024351 0.0024357 0.0024376 0.0030513 0.0042848 0.0042832 0.0049001 0.0049001 0.0049026 0.0042812 0.0024351 0.0024363 0.0024351 0.0024358 0.0036710 0.0042844 0.0030480 0.0024362 0.0024362 0.0018276 0.0024373 0.0024357 0.0024362 0.0024357 0.0030498 0.0030480 0.0030504 0.0036656 0.0024351 0.0030496 0.0024357 0.0024360 0.0018243 0.0024368 0.0024362 0.0042832 0.0024372 0.0030477 0.0024351 0.0032846 0.0024357 0.0030504 0.0036652 0.0024366 0.0036667 0.0036680 0.0024373 0.0030509 0.0024360 0.0030497 0.0030617 0.0030484 0.0018241 0.0042823 0.0049076 0.0042812 0.0042812 0.0036660 0.0049024 0.0049037 0.0030501 0.0024362 0.0042832 0.0049001 0.0042823 0.0042823 0.0042823 0.0036671 0.0049058 0.0024351 0.0036651 0.0030492 0.0030495 0.0030495 0.0042854 0.0042812 0.0030508 0.0036660 0.0036789 0.0036673 0.0024357 0.0036636 0.0024362 0.0018251 0.0018262 0.0049242 0.0018262 0.0024366 0.0036656 0.0030515 0.0024365 0.0030484 0.0036643 0.0030490 0.0030477 0.0024351 0.0024357 0.0036680 0.0018236 0.0018252 0.0018241 0.0024389 0.0024372 0.0036639 0.0018252 0.0024351 0.0024351 0.0030504 0.0018256 0.0012149 0.0042823 0.0024371 0.0036799 0.0018252 0.0036639 0.0024377 0.0030492 0.0024376 0.0030484 0.0030498 0.0024351 0.0018243 0.0024351 0.0036651 0.0030524 0.0049001 0.0018236 0.0030498 0.0024351 0.0024356 0.0036679 0.0018236 0.0018244 0.0018243 0.0024365 0.0024351 0.0024360 0.0024362 0.0030498 0.0018244 0.0024362 0.0018244 0.0024357 0.0036671 0.0018243 0.0030487 0.0036673 0.0030501 0.0030501 0.0018252 0.0018241 0.0024351 0.0030487 0.0049283 0.0036656 0.0030501 0.0049215 0.0030498 0.0024357 0.0036660 0.0024357 0.0036639 0.0024354 0.0030498 0.0042823 0.0024351 0.0042823 0.0042988 0.0030492 0.0030498 0.0042988 0.0024354 0.0036660 0.0042832 0.0024376 0.0036669 
EPI_ISL_20249461 0.0018225 0.0018225 0.0012132 0.0042807 0.0036619 0.0036638 0.0036619 0.0048983 0.0036641 0.0006059 0.0018227 0.0006059 0.0024357 0.0000000 0.0012132 0.0000010 0.0042786 0.0049040 0.0030454 0.0024324 0.0006062 0.0024324 0.0024339 0.0024354 0.0018225 0.0012135 0.0018227 0.0024339 0.0030475 0.0018225 0.0018230 0.0030461 0.0012148 0.0030475 0.0030458 0.0000010 0.0006060 0.0012138 0.0048981 0.0048958 0.0012132 0.0012135 0.0024355 0.0018243 0.0042811 0.0042795 0.0048958 0.0048958 0.0048983 0.0042775 0.0012132 0.0012138 0.0012132 0.0012139 0.0036678 0.0042807 0.0030454 0.0012138 0.0012138 0.0006070 0.0012143 0.0024336 0.0012138 0.0012135 0.0018234 0.0030454 0.0018237 0.0036625 0.0012132 0.0030470 0.0012135 0.0012137 0.0018227 0.0012144 0.0012138 0.0042795 0.0024351 0.0030450 0.0012132 0.0032816 0.0012135 0.0018237 0.0036621 0.0024345 0.0024358 0.0024366 0.0012143 0.0030483 0.0012137 0.0030471 0.0018305 0.0030458 0.0018225 0.0042786 0.0049033 0.0042775 0.0042775 0.0036628 0.0048981 0.0048995 0.0018235 0.0024342 0.0042795 0.0048958 0.0042786 0.0042786 0.0042786 0.0036640 0.0049015 0.0024330 0.0036619 0.0018230 0.0006061 0.0030469 0.0042817 0.0042775 0.0006064 0.0036628 0.0036758 0.0036641 0.0012135 0.0012135 0.0012138 0.0006062 0.0018247 0.0049198 0.0018247 0.0024345 0.0012142 0.0030489 0.0000025 0.0030458 0.0024342 0.0018229 0.0030450 0.0024330 0.0012135 0.0036649 0.0018221 0.0006062 0.0018225 0.0012152 0.0000010 0.0024339 0.0018236 0.0012132 0.0012132 0.0030478 0.0006064 0.0012139 0.0042786 0.0012145 0.0024445 0.0006062 0.0012137 0.0012145 0.0018230 0.0012148 0.0030458 0.0018234 0.0024330 0.0018227 0.0024330 0.0024346 0.0018248 0.0048958 0.0018221 0.0018234 0.0024330 0.0024335 0.0036647 0.0018221 0.0018229 0.0018227 0.0024344 0.0024330 0.0012137 0.0012138 0.0030472 0.0018229 0.0024342 0.0018229 0.0012135 0.0036640 0.0018227 0.0018227 0.0036641 0.0030475 0.0018235 0.0018236 0.0018225 0.0024330 0.0018227 0.0049239 0.0036625 0.0018235 0.0049172 0.0018234 0.0024337 0.0036628 0.0024337 0.0024339 0.0024333 0.0030472 0.0042786 0.0024330 0.0042786 0.0042950 0.0030466 0.0030472 0.0042950 0.0024333 0.0036628 0.0042795 0.0024355 0.0036637 
EPI_ISL_20249462 0.0006057 0.0006057 0.0000010 0.0030486 0.0024340 0.0024347 0.0024340 0.0036628 0.0024355 0.0006057 0.0006058 0.0006057 0.0012142 0.0012132 0.0000000 0.0012132 0.0030471 0.0036671 0.0018218 0.0012126 0.0006061 0.0012126 0.0012133 0.0012141 0.0006057 0.0012132 0.0006058 0.0012133 0.0018231 0.0006057 0.0018225 0.0018223 0.0012145 0.0018231 0.0018221 0.0012142 0.0018225 0.0012135 0.0036627 0.0036610 0.0012129 0.0012132 0.0012141 0.0018238 0.0030487 0.0030477 0.0036610 0.0036610 0.0036628 0.0030463 0.0012129 0.0012135 0.0012129 0.0012135 0.0024378 0.0030486 0.0018218 0.0012135 0.0012135 0.0006069 0.0012140 0.0012132 0.0012135 0.0012132 0.0018229 0.0018218 0.0018233 0.0024344 0.0012129 0.0018228 0.0012132 0.0012133 0.0006058 0.0012140 0.0012135 0.0030477 0.0012140 0.0018216 0.0012129 0.0019627 0.0012132 0.0018233 0.0024342 0.0012140 0.0024351 0.0024360 0.0012140 0.0018235 0.0012133 0.0018228 0.0018300 0.0018221 0.0006057 0.0030471 0.0036665 0.0030463 0.0030463 0.0024346 0.0036627 0.0036637 0.0018231 0.0012135 0.0030477 0.0036610 0.0030471 0.0030471 0.0030471 0.0024354 0.0036652 0.0012129 0.0024340 0.0018225 0.0018227 0.0018227 0.0030493 0.0030463 0.0018236 0.0024346 0.0024432 0.0024355 0.0012132 0.0024330 0.0012135 0.0006061 0.0006064 0.0036789 0.0006064 0.0012136 0.0024344 0.0018239 0.0012139 0.0018221 0.0024335 0.0018224 0.0018216 0.0012129 0.0012132 0.0024360 0.0006056 0.0006061 0.0006057 0.0012149 0.0012140 0.0024333 0.0006061 0.0012129 0.0012129 0.0018233 0.0006062 0.0000025 0.0030471 0.0012142 0.0024439 0.0006061 0.0024333 0.0012142 0.0018225 0.0012145 0.0018221 0.0018229 0.0012129 0.0006058 0.0012129 0.0024340 0.0018244 0.0036610 0.0006056 0.0018229 0.0012129 0.0012132 0.0024353 0.0006056 0.0006058 0.0006058 0.0012136 0.0012129 0.0012133 0.0012135 0.0018229 0.0006058 0.0012135 0.0006058 0.0012132 0.0024354 0.0006058 0.0018223 0.0024355 0.0018231 0.0018231 0.0006061 0.0006057 0.0012129 0.0018223 0.0036820 0.0024344 0.0018231 0.0036769 0.0018229 0.0012132 0.0024346 0.0012132 0.0024333 0.0012130 0.0018229 0.0030471 0.0012129 0.0030471 0.0030587 0.0018225 0.0018229 0.0030587 0.0012130 0.0024346 0.0030477 0.0012141 0.0024352 
EPI_ISL_20249463 0.0018225 0.0018225 0.0012132 0.0042807 0.0036619 0.0036638 0.0036619 0.0048983 0.0036641 0.0006059 0.0018227 0.0006059 0.0024357 0.0000010 0.0012132 0.0000000 0.0042786 0.0049040 0.0030454 0.0024324 0.0006062 0.0024324 0.0024339 0.0024354 0.0018225 0.0012135 0.0018227 0.0024339 0.0030475 0.0018225 0.0018230 0.0030461 0.0012148 0.0030475 0.0030458 0.0000010 0.0006060 0.0012138 0.0048981 0.0048958 0.0012132 0.0012135 0.0024355 0.0018243 0.0042811 0.0042795 0.0048958 0.0048958 0.0048983 0.0042775 0.0012132 0.0012138 0.0012132 0.0012139 0.0036678 0.0042807 0.0030454 0.0012138 0.0012138 0.0006070 0.0012143 0.0024336 0.0012138 0.0012135 0.0018234 0.0030454 0.0018237 0.0036625 0.0012132 0.0030470 0.0012135 0.0012137 0.0018227 0.0012144 0.0012138 0.0042795 0.0024351 0.0030450 0.0012132 0.0032816 0.0012135 0.0018237 0.0036621 0.0024345 0.0024358 0.0024366 0.0012143 0.0030483 0.0012137 0.0030471 0.0018305 0.0030458 0.0018225 0.0042786 0.0049033 0.0042775 0.0042775 0.0036628 0.0048981 0.0048995 0.0018235 0.0024342 0.0042795 0.0048958 0.0042786 0.0042786 0.0042786 0.0036640 0.0049015 0.0024330 0.0036619 0.0018230 0.0006061 0.0030469 0.0042817 0.0042775 0.0006064 0.0036628 0.0036758 0.0036641 0.0012135 0.0012135 0.0012138 0.0006062 0.0018247 0.0049198 0.0018247 0.0024345 0.0012142 0.0030489 0.0000025 0.0030458 0.0024342 0.0018229 0.0030450 0.0024330 0.0012135 0.0036649 0.0018221 0.0006062 0.0018225 0.0012152 0.0000010 0.0024339 0.0018236 0.0012132 0.0012132 0.0030478 0.0006064 0.0012139 0.0042786 0.0012145 0.0024445 0.0006062 0.0012137 0.0012145 0.0018230 0.0012148 0.0030458 0.0018234 0.0024330 0.0018227 0.0024330 0.0024346 0.0018248 0.0048958 0.0018221 0.0018234 0.0024330 0.0024335 0.0036647 0.0018221 0.0018229 0.0018227 0.0024344 0.0024330 0.0012137 0.0012138 0.0030472 0.0018229 0.0024342 0.0018229 0.0012135 0.0036640 0.0018227 0.0018227 0.0036641 0.0030475 0.0018235 0.0018236 0.0018225 0.0024330 0.0018227 0.0049239 0.0036625 0.0018235 0.0049172 0.0018234 0.0024337 0.0036628 0.0024337 0.0024339 0.0024333 0.0030472 0.0042786 0.0024330 0.0042786 0.0042950 0.0030466 0.0030472 0.0042950 0.0024333 0.0036628 0.0042795 0.0024355 0.0036637 
EPI_ISL_20255436 0.0036619 0.0036619 0.0030471 0.0012141 0.0006058 0.0006061 0.0006058 0.0018234 0.0006062 0.0036619 0.0036623 0.0036619 0.0042823 0.0042786 0.0030471 0.0042786 0.0000000 0.0018255 0.0048951 0.0042764 0.0036641 0.0042764 0.0042790 0.0042817 0.0036619 0.0042786 0.0036623 0.0042790 0.0048986 0.0036619 0.0036628 0.0048963 0.0042831 0.0048986 0.0048958 0.0042821 0.0048971 0.0042795 0.0018233 0.0018225 0.0042775 0.0042786 0.0042818 0.0049007 0.0012142 0.0012137 0.0018225 0.0018225 0.0018234 0.0012132 0.0042775 0.0042796 0.0042775 0.0042798 0.0006060 0.0012141 0.0048951 0.0042795 0.0042795 0.0036690 0.0042814 0.0042785 0.0042795 0.0042786 0.0048981 0.0048951 0.0048991 0.0055191 0.0042775 0.0048978 0.0042786 0.0042790 0.0036623 0.0042815 0.0042795 0.0012137 0.0042812 0.0048946 0.0042775 0.0052767 0.0042786 0.0048991 0.0055186 0.0042813 0.0055209 0.0055229 0.0042814 0.0048999 0.0042790 0.0048979 0.0049172 0.0048958 0.0036619 0.0012135 0.0018252 0.0012132 0.0012132 0.0055197 0.0018233 0.0018238 0.0048986 0.0030485 0.0012137 0.0018225 0.0012135 0.0012135 0.0012135 0.0006062 0.0018246 0.0042775 0.0055183 0.0036628 0.0048976 0.0048976 0.0012143 0.0012132 0.0049000 0.0055197 0.0055392 0.0006062 0.0042786 0.0055160 0.0042795 0.0036640 0.0036663 0.0018313 0.0036663 0.0042801 0.0055191 0.0049009 0.0042811 0.0048958 0.0055172 0.0048968 0.0048946 0.0042775 0.0042786 0.0055228 0.0036610 0.0036642 0.0036619 0.0042846 0.0042812 0.0055166 0.0036642 0.0042775 0.0042775 0.0048991 0.0036650 0.0030487 0.0000010 0.0042822 0.0055407 0.0036641 0.0055166 0.0042820 0.0048971 0.0042831 0.0048958 0.0048981 0.0042775 0.0036623 0.0042775 0.0055183 0.0049023 0.0018225 0.0036610 0.0048981 0.0042775 0.0042784 0.0055228 0.0036610 0.0036627 0.0036623 0.0042799 0.0042775 0.0042790 0.0042795 0.0048981 0.0036627 0.0042795 0.0036627 0.0042786 0.0006062 0.0036623 0.0048963 0.0006062 0.0048986 0.0048986 0.0036642 0.0036619 0.0042775 0.0048963 0.0018329 0.0055191 0.0048986 0.0018304 0.0048981 0.0042786 0.0055197 0.0042786 0.0055166 0.0042779 0.0048981 0.0012135 0.0042775 0.0012135 0.0012181 0.0048971 0.0048981 0.0012181 0.0042779 0.0055197 0.0012137 0.0042818 0.0006061 
EPI_ISL_20255439 0.0042846 0.0042846 0.0036671 0.0006068 0.0012152 0.0012158 0.0012152 0.0000010 0.0012159 0.0042846 0.0042850 0.0042846 0.0049083 0.0049040 0.0036671 0.0049040 0.0018255 0.0000000 0.0055230 0.0049015 0.0042872 0.0049015 0.0049045 0.0049076 0.0042846 0.0049040 0.0042850 0.0049045 0.0055270 0.0042846 0.0042857 0.0055244 0.0049092 0.0055270 0.0055238 0.0049080 0.0055252 0.0049050 0.0012157 0.0000010 0.0049027 0.0049040 0.0049078 0.0055294 0.0018265 0.0018258 0.0012152 0.0024370 0.0000010 0.0018250 0.0049027 0.0049052 0.0049027 0.0049054 0.0012171 0.0006068 0.0055230 0.0049050 0.0049050 0.0042930 0.0049073 0.0049039 0.0049050 0.0049040 0.0055264 0.0055230 0.0055275 0.0061502 0.0049027 0.0055261 0.0049040 0.0049045 0.0042850 0.0049074 0.0049050 0.0018258 0.0049070 0.0055224 0.0049027 0.0059549 0.0049040 0.0055275 0.0061496 0.0049072 0.0061522 0.0061544 0.0049073 0.0055284 0.0049045 0.0055262 0.0055480 0.0055238 0.0042846 0.0006068 0.0024406 0.0018250 0.0018250 0.0061509 0.0024381 0.0024387 0.0055270 0.0049050 0.0018258 0.0000010 0.0018255 0.0018255 0.0018255 0.0012158 0.0000010 0.0049027 0.0049060 0.0042857 0.0055258 0.0055258 0.0018268 0.0018250 0.0055286 0.0061509 0.0061726 0.0012159 0.0049040 0.0061467 0.0049050 0.0042871 0.0042898 0.0024489 0.0042898 0.0049058 0.0061502 0.0055295 0.0049069 0.0055238 0.0061480 0.0055250 0.0055224 0.0049027 0.0049040 0.0061543 0.0042835 0.0042873 0.0042846 0.0049109 0.0049040 0.0061474 0.0042873 0.0049027 0.0049027 0.0055275 0.0042882 0.0036692 0.0018255 0.0049082 0.0061743 0.0042846 0.0061474 0.0049050 0.0055252 0.0049092 0.0055238 0.0055264 0.0049027 0.0042850 0.0049027 0.0061493 0.0055311 0.0024370 0.0042835 0.0055264 0.0049027 0.0049038 0.0061543 0.0042835 0.0042855 0.0042850 0.0049055 0.0049027 0.0049045 0.0049050 0.0055264 0.0042855 0.0049050 0.0042855 0.0049040 0.0012158 0.0042850 0.0055244 0.0012159 0.0055270 0.0055270 0.0042873 0.0042846 0.0049027 0.0055244 0.0024509 0.0061502 0.0055270 0.0024476 0.0055264 0.0049040 0.0061509 0.0049040 0.0061474 0.0049032 0.0055264 0.0018255 0.0049027 0.0018255 0.0018325 0.0055252 0.0055264 0.0018325 0.0049032 0.0061509 0.0018258 0.0049078 0.0012158 
