32
EPI_ISL_20212945 0.0000000 0.0030349 0.0012113 0.0012113 0.0012111 0.0012113 0.0018179 0.0018194 0.0012113 0.0018182 0.0030328 0.0012111 0.0018179 0.0024252 0.0012113 0.0024258 0.0024248 0.0018201 0.0024252 0.0018182 0.0018186 0.0024268 0.0018177 0.0030328 0.0018173 0.0018173 0.0024246 0.0018177 0.0018182 0.0012110 0.0024250 0.0018177 
EPI_ISL_20212955 0.0030349 0.0000000 0.0030349 0.0030349 0.0030343 0.0030349 0.0036443 0.0036473 0.0030349 0.0036449 0.0048644 0.0030343 0.0036443 0.0042542 0.0030349 0.0042553 0.0042535 0.0036487 0.0042542 0.0036449 0.0036457 0.0042570 0.0036440 0.0048644 0.0036430 0.0036430 0.0042531 0.0036440 0.0036449 0.0030341 0.0042538 0.0036440 
EPI_ISL_20212992 0.0012113 0.0030349 0.0000000 0.0012113 0.0012111 0.0012113 0.0018179 0.0018194 0.0012113 0.0018182 0.0030328 0.0012111 0.0018179 0.0024252 0.0012113 0.0024258 0.0024248 0.0018201 0.0024252 0.0018182 0.0018186 0.0024268 0.0018177 0.0030328 0.0018173 0.0018173 0.0024246 0.0006053 0.0018182 0.0012110 0.0024250 0.0018177 
EPI_ISL_20249456 0.0012113 0.0030349 0.0012113 0.0000000 0.0012111 0.0000010 0.0018179 0.0018194 0.0012113 0.0006054 0.0030328 0.0012111 0.0018179 0.0024252 0.0012113 0.0012117 0.0024248 0.0006061 0.0024252 0.0006054 0.0018186 0.0012121 0.0018177 0.0030328 0.0018173 0.0018173 0.0024246 0.0018177 0.0006054 0.0012110 0.0012112 0.0018177 
EPI_ISL_20249457 0.0012111 0.0030343 0.0012111 0.0012111 0.0000000 0.0012111 0.0018176 0.0018191 0.0012111 0.0018179 0.0030323 0.0000010 0.0018176 0.0024248 0.0012111 0.0024254 0.0024243 0.0018198 0.0024248 0.0018179 0.0006055 0.0024264 0.0018174 0.0030323 0.0018169 0.0018169 0.0024241 0.0018174 0.0018179 0.0012108 0.0024246 0.0018174 
EPI_ISL_20249459 0.0012113 0.0030349 0.0012113 0.0000010 0.0012111 0.0000000 0.0018179 0.0018194 0.0012113 0.0006054 0.0030328 0.0012111 0.0018179 0.0024252 0.0012113 0.0012117 0.0024248 0.0006061 0.0024252 0.0006054 0.0018186 0.0012121 0.0018177 0.0030328 0.0018173 0.0018173 0.0024246 0.0018177 0.0006054 0.0012110 0.0012112 0.0018177 
EPI_ISL_20258550 0.0018179 0.0036443 0.0018179 0.0018179 0.0018176 0.0018179 0.0000000 0.0024270 0.0018179 0.0024254 0.0036419 0.0018176 0.0000010 0.0030328 0.0018179 0.0030336 0.0030323 0.0024280 0.0030328 0.0024254 0.0024260 0.0030348 0.0024248 0.0036419 0.0024241 0.0024241 0.0030320 0.0024248 0.0024254 0.0018174 0.0030326 0.0024248 
EPI_ISL_20258554 0.0018194 0.0036473 0.0018194 0.0018194 0.0018191 0.0018194 0.0024270 0.0000000 0.0018194 0.0024274 0.0036449 0.0018191 0.0024270 0.0030353 0.0018194 0.0030361 0.0030348 0.0024300 0.0030353 0.0024274 0.0024280 0.0030374 0.0024268 0.0036449 0.0024261 0.0024261 0.0030345 0.0024268 0.0024274 0.0018189 0.0030351 0.0024268 
EPI_ISL_20258556 0.0012113 0.0030349 0.0012113 0.0012113 0.0012111 0.0012113 0.0018179 0.0018194 0.0000000 0.0018182 0.0030328 0.0012111 0.0018179 0.0024252 0.0000010 0.0024258 0.0024248 0.0018201 0.0024252 0.0018182 0.0018186 0.0024268 0.0006053 0.0030328 0.0018173 0.0018173 0.0024246 0.0018177 0.0018182 0.0012110 0.0024250 0.0006053 
EPI_ISL_20258558 0.0018182 0.0036449 0.0018182 0.0006054 0.0018179 0.0006054 0.0024254 0.0024274 0.0018182 0.0000000 0.0036425 0.0018179 0.0024254 0.0030334 0.0018182 0.0018187 0.0030328 0.0012129 0.0030334 0.0012117 0.0024264 0.0018194 0.0024252 0.0036425 0.0024246 0.0024246 0.0030326 0.0024252 0.0012117 0.0018177 0.0018180 0.0024252 
EPI_ISL_20258567 0.0030328 0.0048644 0.0030328 0.0030328 0.0030323 0.0030328 0.0036419 0.0036449 0.0030328 0.0036425 0.0000000 0.0030323 0.0036419 0.0042514 0.0030328 0.0030336 0.0042506 0.0036463 0.0042514 0.0036425 0.0036433 0.0042542 0.0036415 0.0048612 0.0036406 0.0036406 0.0042502 0.0036415 0.0036425 0.0030320 0.0042510 0.0036415 
EPI_ISL_20258571 0.0012111 0.0030343 0.0012111 0.0012111 0.0000010 0.0012111 0.0018176 0.0018191 0.0012111 0.0018179 0.0030323 0.0000000 0.0018176 0.0024248 0.0012111 0.0024254 0.0024243 0.0018198 0.0024248 0.0018179 0.0006055 0.0024264 0.0018174 0.0030323 0.0018169 0.0018169 0.0024241 0.0018174 0.0018179 0.0012108 0.0024246 0.0018174 
EPI_ISL_20258572 0.0018179 0.0036443 0.0018179 0.0018179 0.0018176 0.0018179 0.0000010 0.0024270 0.0018179 0.0024254 0.0036419 0.0018176 0.0000000 0.0030328 0.0018179 0.0030336 0.0030323 0.0024280 0.0030328 0.0024254 0.0024260 0.0030348 0.0024248 0.0036419 0.0024241 0.0024241 0.0030320 0.0024248 0.0024254 0.0018174 0.0030326 0.0024248 
EPI_ISL_20258581 0.0024252 0.0042542 0.0024252 0.0024252 0.0024248 0.0024252 0.0030328 0.0030353 0.0024252 0.0030334 0.0042514 0.0024248 0.0030328 0.0000000 0.0024252 0.0036431 0.0036415 0.0030366 0.0000010 0.0030334 0.0030340 0.0036446 0.0030326 0.0042514 0.0030318 0.0030318 0.0024246 0.0030326 0.0030334 0.0024246 0.0036418 0.0030326 
EPI_ISL_20258600 0.0012113 0.0030349 0.0012113 0.0012113 0.0012111 0.0012113 0.0018179 0.0018194 0.0000010 0.0018182 0.0030328 0.0012111 0.0018179 0.0024252 0.0000000 0.0024258 0.0024248 0.0018201 0.0024252 0.0018182 0.0018186 0.0024268 0.0006053 0.0030328 0.0018173 0.0018173 0.0024246 0.0018177 0.0018182 0.0012110 0.0024250 0.0006053 
EPI_ISL_20258605 0.0024258 0.0042553 0.0024258 0.0012117 0.0024254 0.0012117 0.0030336 0.0030361 0.0024258 0.0018187 0.0030336 0.0024254 0.0030336 0.0036431 0.0024258 0.0000000 0.0036425 0.0018206 0.0036431 0.0018187 0.0030348 0.0024275 0.0030334 0.0042525 0.0030326 0.0030326 0.0036422 0.0030334 0.0018187 0.0024252 0.0024256 0.0030334 
EPI_ISL_20258607 0.0024248 0.0042535 0.0024248 0.0024248 0.0024243 0.0024248 0.0030323 0.0030348 0.0024248 0.0030328 0.0042506 0.0024243 0.0030323 0.0036415 0.0024248 0.0036425 0.0000000 0.0030360 0.0036415 0.0030328 0.0030335 0.0036439 0.0030320 0.0042506 0.0030312 0.0030312 0.0036406 0.0030320 0.0030328 0.0024241 0.0036412 0.0030320 
EPI_ISL_20258621 0.0018201 0.0036487 0.0018201 0.0006061 0.0018198 0.0006061 0.0024280 0.0024300 0.0018201 0.0012129 0.0036463 0.0018198 0.0024280 0.0030366 0.0018201 0.0018206 0.0030360 0.0000000 0.0030366 0.0000010 0.0024289 0.0018213 0.0024277 0.0036463 0.0024271 0.0024271 0.0030357 0.0024277 0.0012129 0.0018196 0.0018200 0.0024277 
EPI_ISL_20258629 0.0024252 0.0042542 0.0024252 0.0024252 0.0024248 0.0024252 0.0030328 0.0030353 0.0024252 0.0030334 0.0042514 0.0024248 0.0030328 0.0000010 0.0024252 0.0036431 0.0036415 0.0030366 0.0000000 0.0030334 0.0030340 0.0036446 0.0030326 0.0042514 0.0030318 0.0030318 0.0024246 0.0030326 0.0030334 0.0024246 0.0036418 0.0030326 
EPI_ISL_20266586 0.0018182 0.0036449 0.0018182 0.0006054 0.0018179 0.0006054 0.0024254 0.0024274 0.0018182 0.0012117 0.0036425 0.0018179 0.0024254 0.0030334 0.0018182 0.0018187 0.0030328 0.0000010 0.0030334 0.0000000 0.0024264 0.0018194 0.0024252 0.0036425 0.0024246 0.0024246 0.0030326 0.0024252 0.0012117 0.0018177 0.0018180 0.0024252 
EPI_ISL_20266591 0.0018186 0.0036457 0.0018186 0.0018186 0.0006055 0.0018186 0.0024260 0.0024280 0.0018186 0.0024264 0.0036433 0.0006055 0.0024260 0.0030340 0.0018186 0.0030348 0.0030335 0.0024289 0.0030340 0.0024264 0.0000000 0.0030361 0.0024257 0.0036433 0.0024251 0.0024251 0.0030332 0.0024257 0.0024264 0.0018181 0.0030338 0.0024257 
EPI_ISL_20266592 0.0024268 0.0042570 0.0024268 0.0012121 0.0024264 0.0012121 0.0030348 0.0030374 0.0024268 0.0018194 0.0042542 0.0024264 0.0030348 0.0036446 0.0024268 0.0024275 0.0036439 0.0018213 0.0036446 0.0018194 0.0030361 0.0000000 0.0030346 0.0042542 0.0030338 0.0030338 0.0036436 0.0030346 0.0018194 0.0024262 0.0024266 0.0030346 
EPI_ISL_20289568 0.0018177 0.0036440 0.0018177 0.0018177 0.0018174 0.0018177 0.0024248 0.0024268 0.0006053 0.0024252 0.0036415 0.0018174 0.0024248 0.0030326 0.0006053 0.0030334 0.0030320 0.0024277 0.0030326 0.0024252 0.0024257 0.0030346 0.0000000 0.0036415 0.0024239 0.0024239 0.0030317 0.0024246 0.0024252 0.0018173 0.0030323 0.0012110 
EPI_ISL_20289575 0.0030328 0.0048644 0.0030328 0.0030328 0.0030323 0.0030328 0.0036419 0.0036449 0.0030328 0.0036425 0.0048612 0.0030323 0.0036419 0.0042514 0.0030328 0.0042525 0.0042506 0.0036463 0.0042514 0.0036425 0.0036433 0.0042542 0.0036415 0.0000000 0.0036406 0.0036406 0.0042502 0.0036415 0.0036425 0.0030320 0.0042510 0.0036415 
EPI_ISL_20289583 0.0018173 0.0036430 0.0018173 0.0018173 0.0018169 0.0018173 0.0024241 0.0024261 0.0018173 0.0024246 0.0036406 0.0018169 0.0024241 0.0030318 0.0018173 0.0030326 0.0030312 0.0024271 0.0030318 0.0024246 0.0024251 0.0030338 0.0024239 0.0036406 0.0000000 0.0000010 0.0006049 0.0024239 0.0024246 0.0018168 0.0030315 0.0024239 
EPI_ISL_20289688 0.0018173 0.0036430 0.0018173 0.0018173 0.0018169 0.0018173 0.0024241 0.0024261 0.0018173 0.0024246 0.0036406 0.0018169 0.0024241 0.0030318 0.0018173 0.0030326 0.0030312 0.0024271 0.0030318 0.0024246 0.0024251 0.0030338 0.0024239 0.0036406 0.0000010 0.0000000 0.0006049 0.0024239 0.0024246 0.0018168 0.0030315 0.0024239 
EPI_ISL_20289689 0.0024246 0.0042531 0.0024246 0.0024246 0.0024241 0.0024246 0.0030320 0.0030345 0.0024246 0.0030326 0.0042502 0.0024241 0.0030320 0.0024246 0.0024246 0.0036422 0.0036406 0.0030357 0.0024246 0.0030326 0.0030332 0.0036436 0.0030317 0.0042502 0.0006049 0.0006049 0.0000000 0.0030317 0.0030326 0.0024239 0.0036409 0.0030317 
EPI_ISL_20289691 0.0018177 0.0036440 0.0006053 0.0018177 0.0018174 0.0018177 0.0024248 0.0024268 0.0018177 0.0024252 0.0036415 0.0018174 0.0024248 0.0030326 0.0018177 0.0030334 0.0030320 0.0024277 0.0030326 0.0024252 0.0024257 0.0030346 0.0024246 0.0036415 0.0024239 0.0024239 0.0030317 0.0000000 0.0024252 0.0018173 0.0030323 0.0024246 
EPI_ISL_20289693 0.0018182 0.0036449 0.0018182 0.0006054 0.0018179 0.0006054 0.0024254 0.0024274 0.0018182 0.0012117 0.0036425 0.0018179 0.0024254 0.0030334 0.0018182 0.0018187 0.0030328 0.0012129 0.0030334 0.0012117 0.0024264 0.0018194 0.0024252 0.0036425 0.0024246 0.0024246 0.0030326 0.0024252 0.0000000 0.0018177 0.0018180 0.0024252 
EPI_ISL_20292470 0.0012110 0.0030341 0.0012110 0.0012110 0.0012108 0.0012110 0.0018174 0.0018189 0.0012110 0.0018177 0.0030320 0.0012108 0.0018174 0.0024246 0.0012110 0.0024252 0.0024241 0.0018196 0.0024246 0.0018177 0.0018181 0.0024262 0.0018173 0.0030320 0.0018168 0.0018168 0.0024239 0.0018173 0.0018177 0.0000000 0.0024243 0.0018173 
EPI_ISL_20292472 0.0024250 0.0042538 0.0024250 0.0012112 0.0024246 0.0012112 0.0030326 0.0030351 0.0024250 0.0018180 0.0042510 0.0024246 0.0030326 0.0036418 0.0024250 0.0024256 0.0036412 0.0018200 0.0036418 0.0018180 0.0030338 0.0024266 0.0030323 0.0042510 0.0030315 0.0030315 0.0036409 0.0030323 0.0018180 0.0024243 0.0000000 0.0030323 
EPI_ISL_20292473 0.0018177 0.0036440 0.0018177 0.0018177 0.0018174 0.0018177 0.0024248 0.0024268 0.0006053 0.0024252 0.0036415 0.0018174 0.0024248 0.0030326 0.0006053 0.0030334 0.0030320 0.0024277 0.0030326 0.0024252 0.0024257 0.0030346 0.0012110 0.0036415 0.0024239 0.0024239 0.0030317 0.0024246 0.0024252 0.0018173 0.0030323 0.0000000 
