224
EPI_ISL_20212945 0.0000000 0.0012127 0.0006055 0.0036623 0.0030460 0.0030475 0.0030460 0.0042776 0.0030479 0.0012127 0.0012128 0.0012127 0.0018228 0.0018215 0.0006055 0.0018215 0.0036604 0.0042826 0.0024311 0.0018206 0.0012134 0.0018206 0.0018217 0.0018225 0.0012127 0.0018215 0.0012128 0.0018217 0.0024327 0.0012127 0.0024321 0.0024317 0.0018235 0.0024327 0.0024315 0.0018230 0.0024321 0.0024326 0.0018219 0.0042774 0.0042755 0.0018211 0.0018215 0.0018226 0.0024347 0.0048966 0.0036617 0.0036611 0.0042755 0.0042755 0.0042776 0.0036595 0.0018211 0.0018220 0.0018211 0.0018226 0.0030510 0.0036623 0.0024311 0.0018219 0.0018219 0.0012154 0.0018224 0.0018215 0.0018219 0.0018215 0.0024325 0.0024311 0.0024330 0.0048915 0.0030465 0.0018211 0.0024321 0.0018215 0.0018217 0.0012128 0.0018233 0.0018219 0.0030463 0.0036611 0.0018224 0.0024309 0.0018211 0.0026204 0.0018215 0.0024330 0.0030462 0.0018232 0.0030474 0.0030480 0.0018224 0.0024330 0.0018217 0.0024321 0.0024444 0.0024315 0.0012127 0.0036604 0.0042813 0.0042971 0.0036595 0.0036595 0.0030468 0.0042774 0.0042779 0.0024327 0.0018219 0.0036611 0.0042755 0.0036604 0.0036604 0.0036604 0.0030477 0.0042805 0.0036629 0.0018211 0.0030460 0.0024321 0.0024323 0.0024323 0.0036625 0.0036595 0.0024344 0.0030464 0.0030604 0.0030479 0.0018215 0.0030449 0.0018219 0.0012137 0.0012143 0.0042995 0.0012143 0.0018219 0.0030465 0.0024335 0.0018232 0.0024315 0.0030455 0.0024319 0.0024309 0.0018211 0.0018215 0.0030481 0.0012124 0.0012138 0.0012127 0.0018246 0.0018227 0.0030451 0.0012132 0.0018211 0.0018211 0.0024327 0.0012140 0.0006058 0.0036604 0.0018236 0.0030611 0.0036658 0.0012134 0.0030451 0.0018230 0.0024321 0.0018240 0.0024315 0.0024326 0.0018211 0.0012128 0.0018211 0.0030460 0.0024353 0.0042755 0.0012124 0.0024325 0.0018211 0.0018214 0.0030483 0.0012124 0.0012129 0.0012128 0.0018221 0.0018211 0.0018217 0.0018219 0.0024326 0.0012129 0.0018219 0.0012129 0.0018215 0.0030477 0.0012128 0.0024317 0.0030479 0.0024327 0.0024327 0.0012132 0.0012127 0.0018211 0.0024317 0.0043046 0.0030465 0.0024327 0.0042979 0.0024325 0.0018215 0.0030468 0.0018215 0.0030451 0.0018212 0.0024326 0.0036604 0.0018211 0.0036604 0.0036778 0.0024321 0.0024326 0.0036778 0.0018212 0.0030468 0.0042769 0.0036611 0.0018226 0.0030475 
EPI_ISL_20212992 0.0012127 0.0000000 0.0006055 0.0036623 0.0030460 0.0030475 0.0030460 0.0042776 0.0030479 0.0012127 0.0012128 0.0012127 0.0018228 0.0018215 0.0006055 0.0018215 0.0036604 0.0042826 0.0024311 0.0018206 0.0012134 0.0018206 0.0018217 0.0018225 0.0012127 0.0018215 0.0012128 0.0018217 0.0024327 0.0012127 0.0024321 0.0024317 0.0018235 0.0024327 0.0024315 0.0018230 0.0024321 0.0024326 0.0018219 0.0042774 0.0042755 0.0018211 0.0018215 0.0018226 0.0024347 0.0048966 0.0036617 0.0036611 0.0042755 0.0042755 0.0042776 0.0036595 0.0018211 0.0018220 0.0018211 0.0018226 0.0030510 0.0036623 0.0024311 0.0018219 0.0018219 0.0012154 0.0018224 0.0018215 0.0018219 0.0018215 0.0024325 0.0024311 0.0024330 0.0048915 0.0030465 0.0018211 0.0024321 0.0018215 0.0018217 0.0012128 0.0018233 0.0018219 0.0030463 0.0036611 0.0018224 0.0024309 0.0018211 0.0026204 0.0018215 0.0024330 0.0030462 0.0018232 0.0030474 0.0030480 0.0018224 0.0024330 0.0018217 0.0024321 0.0024444 0.0024315 0.0012127 0.0036604 0.0042813 0.0042971 0.0036595 0.0036595 0.0030468 0.0042774 0.0042779 0.0024327 0.0018219 0.0036611 0.0042755 0.0036604 0.0036604 0.0036604 0.0030477 0.0042805 0.0036629 0.0018211 0.0030460 0.0024321 0.0024323 0.0024323 0.0036625 0.0036595 0.0024344 0.0030464 0.0030604 0.0030479 0.0018215 0.0030449 0.0018219 0.0012137 0.0012143 0.0042995 0.0012143 0.0018219 0.0030465 0.0024335 0.0018232 0.0024315 0.0030455 0.0024319 0.0024309 0.0006055 0.0018215 0.0030481 0.0012124 0.0012138 0.0012127 0.0018246 0.0018227 0.0030451 0.0012132 0.0018211 0.0018211 0.0024327 0.0012140 0.0006058 0.0036604 0.0018236 0.0030611 0.0036658 0.0012134 0.0030451 0.0018230 0.0024321 0.0018240 0.0024315 0.0024326 0.0018211 0.0012128 0.0018211 0.0030460 0.0024353 0.0042755 0.0012124 0.0024325 0.0018211 0.0018214 0.0030483 0.0012124 0.0012129 0.0012128 0.0018221 0.0018211 0.0018217 0.0018219 0.0024326 0.0012129 0.0018219 0.0012129 0.0018215 0.0030477 0.0012128 0.0024317 0.0030479 0.0024327 0.0024327 0.0012132 0.0012127 0.0018211 0.0024317 0.0043046 0.0030465 0.0024327 0.0042979 0.0024325 0.0018215 0.0030468 0.0018215 0.0030451 0.0018212 0.0024326 0.0036604 0.0018211 0.0036604 0.0036778 0.0024321 0.0024326 0.0036778 0.0018212 0.0030468 0.0042769 0.0036611 0.0018226 0.0030475 
EPI_ISL_20236994 0.0006055 0.0006055 0.0000000 0.0030475 0.0024324 0.0024346 0.0024324 0.0036613 0.0024339 0.0006055 0.0006055 0.0006055 0.0012135 0.0012127 0.0000010 0.0012127 0.0030460 0.0036656 0.0018208 0.0012121 0.0006059 0.0012121 0.0012128 0.0012133 0.0006055 0.0012127 0.0006055 0.0012128 0.0018220 0.0006055 0.0018215 0.0018212 0.0012140 0.0018220 0.0018211 0.0012137 0.0018215 0.0018219 0.0012129 0.0036611 0.0036595 0.0012124 0.0012127 0.0012134 0.0018234 0.0042784 0.0030477 0.0030466 0.0036595 0.0036595 0.0036613 0.0030453 0.0012124 0.0012130 0.0012124 0.0012134 0.0024372 0.0030475 0.0018208 0.0012129 0.0012129 0.0006066 0.0012133 0.0012127 0.0012129 0.0012127 0.0018218 0.0018208 0.0018222 0.0042740 0.0024327 0.0012124 0.0018215 0.0012127 0.0012128 0.0006055 0.0012138 0.0012129 0.0024326 0.0030466 0.0012132 0.0018206 0.0012124 0.0019623 0.0012127 0.0018222 0.0024326 0.0012138 0.0024335 0.0024340 0.0012133 0.0018222 0.0012128 0.0018215 0.0018308 0.0018211 0.0006055 0.0030460 0.0036645 0.0036780 0.0030453 0.0030453 0.0024330 0.0036611 0.0036615 0.0018220 0.0012129 0.0030466 0.0036595 0.0030460 0.0030460 0.0030460 0.0024338 0.0036638 0.0030481 0.0012124 0.0024324 0.0018215 0.0018217 0.0018217 0.0030477 0.0030453 0.0018232 0.0024327 0.0024440 0.0024348 0.0012127 0.0024315 0.0012129 0.0006058 0.0006061 0.0036801 0.0006061 0.0012129 0.0024327 0.0018226 0.0012137 0.0018211 0.0024319 0.0018214 0.0018206 0.0012124 0.0012127 0.0024341 0.0006053 0.0006058 0.0006055 0.0012142 0.0012134 0.0024317 0.0006058 0.0012124 0.0012124 0.0018220 0.0006060 0.0000023 0.0030460 0.0012140 0.0024446 0.0030511 0.0006059 0.0024317 0.0012136 0.0018215 0.0012143 0.0018211 0.0018219 0.0012124 0.0006055 0.0012124 0.0024324 0.0018240 0.0036595 0.0006053 0.0018218 0.0012124 0.0012126 0.0024352 0.0006053 0.0006056 0.0006055 0.0012130 0.0012124 0.0012128 0.0012129 0.0018219 0.0006056 0.0012129 0.0006056 0.0012127 0.0024338 0.0006055 0.0018212 0.0024339 0.0018220 0.0018220 0.0006058 0.0006055 0.0012124 0.0018212 0.0036844 0.0024327 0.0018220 0.0036787 0.0018218 0.0012127 0.0024330 0.0012127 0.0024317 0.0012125 0.0018219 0.0030460 0.0012124 0.0030460 0.0030605 0.0018215 0.0018219 0.0030605 0.0012125 0.0024330 0.0036607 0.0030466 0.0012134 0.0024336 
EPI_ISL_20244506 0.0036623 0.0036623 0.0030475 0.0000000 0.0006059 0.0006062 0.0006059 0.0006059 0.0006063 0.0036623 0.0036625 0.0036623 0.0042817 0.0042787 0.0030475 0.0042787 0.0012135 0.0006066 0.0048949 0.0042766 0.0036645 0.0042766 0.0042791 0.0042811 0.0036623 0.0042787 0.0036625 0.0042791 0.0048983 0.0036623 0.0036632 0.0048961 0.0042832 0.0048983 0.0048957 0.0042822 0.0048969 0.0048979 0.0042795 0.0006062 0.0006059 0.0042776 0.0042787 0.0042812 0.0049000 0.0012138 0.0012146 0.0012138 0.0018224 0.0018224 0.0006059 0.0012132 0.0042776 0.0042798 0.0042776 0.0042793 0.0006071 0.0000010 0.0048949 0.0042795 0.0042795 0.0036686 0.0042809 0.0042787 0.0042795 0.0042787 0.0048977 0.0048949 0.0048988 0.0073839 0.0055184 0.0042776 0.0048969 0.0042787 0.0042791 0.0036625 0.0042810 0.0042795 0.0055181 0.0012138 0.0042806 0.0048945 0.0042776 0.0052765 0.0042787 0.0048988 0.0055180 0.0042808 0.0055201 0.0055212 0.0042809 0.0048988 0.0042791 0.0048969 0.0049214 0.0048957 0.0036623 0.0000010 0.0018249 0.0018317 0.0012132 0.0012132 0.0055190 0.0018232 0.0018234 0.0048983 0.0042795 0.0012138 0.0006059 0.0012135 0.0012135 0.0012135 0.0006063 0.0006066 0.0055443 0.0042776 0.0055176 0.0036632 0.0048973 0.0048973 0.0012142 0.0012132 0.0048993 0.0055183 0.0055435 0.0006063 0.0042787 0.0055155 0.0042795 0.0036635 0.0036652 0.0018328 0.0036652 0.0042796 0.0055184 0.0048998 0.0042806 0.0048957 0.0055166 0.0048966 0.0048945 0.0042776 0.0042787 0.0055214 0.0036613 0.0036637 0.0036623 0.0042845 0.0042813 0.0055160 0.0036639 0.0042776 0.0042776 0.0048982 0.0036645 0.0030492 0.0012135 0.0042817 0.0055449 0.0061497 0.0036645 0.0055160 0.0042821 0.0048969 0.0042825 0.0048957 0.0048979 0.0042776 0.0036625 0.0042776 0.0055176 0.0049018 0.0018224 0.0036613 0.0048977 0.0042776 0.0042784 0.0055215 0.0036613 0.0036629 0.0036625 0.0042800 0.0042776 0.0042791 0.0042795 0.0048979 0.0036629 0.0042795 0.0036629 0.0042787 0.0006063 0.0036625 0.0048961 0.0006063 0.0048983 0.0048983 0.0036639 0.0036623 0.0042776 0.0048961 0.0018350 0.0055184 0.0048983 0.0018321 0.0048977 0.0042787 0.0055190 0.0042787 0.0055160 0.0042780 0.0048979 0.0012135 0.0042776 0.0012135 0.0012194 0.0048969 0.0048979 0.0012194 0.0042780 0.0055190 0.0030473 0.0012138 0.0042812 0.0006062 
EPI_ISL_20244507 0.0030460 0.0030460 0.0024324 0.0006059 0.0000000 0.0000023 0.0000010 0.0012132 0.0000010 0.0030460 0.0030463 0.0030460 0.0036629 0.0036604 0.0024324 0.0036604 0.0006056 0.0012147 0.0042748 0.0036586 0.0030479 0.0036586 0.0036607 0.0036625 0.0030460 0.0036604 0.0030463 0.0036607 0.0042777 0.0030460 0.0030468 0.0042758 0.0036643 0.0042777 0.0042755 0.0036634 0.0042766 0.0042774 0.0036611 0.0012132 0.0012126 0.0036595 0.0036604 0.0036625 0.0042790 0.0018227 0.0006059 0.0006057 0.0012126 0.0012126 0.0012132 0.0006055 0.0036595 0.0036613 0.0036595 0.0036606 0.0000023 0.0006059 0.0042748 0.0036611 0.0036611 0.0030519 0.0036622 0.0036604 0.0036611 0.0036604 0.0042773 0.0042748 0.0042782 0.0067555 0.0048958 0.0036595 0.0042766 0.0036604 0.0036607 0.0030463 0.0036620 0.0036611 0.0048955 0.0006057 0.0036621 0.0042744 0.0036595 0.0046074 0.0036604 0.0042782 0.0048954 0.0036619 0.0048973 0.0048983 0.0036622 0.0042782 0.0036607 0.0042766 0.0042979 0.0042755 0.0030460 0.0006056 0.0012143 0.0012189 0.0006055 0.0006055 0.0048963 0.0012132 0.0012133 0.0042777 0.0036611 0.0006057 0.0012126 0.0006056 0.0006056 0.0006056 0.0000010 0.0012141 0.0049188 0.0036595 0.0048951 0.0030468 0.0042769 0.0042769 0.0006060 0.0006055 0.0042785 0.0048957 0.0049181 0.0000023 0.0036604 0.0048933 0.0036611 0.0030477 0.0030491 0.0012195 0.0030491 0.0036611 0.0048958 0.0042791 0.0036617 0.0042755 0.0048942 0.0042763 0.0042744 0.0036595 0.0036604 0.0048984 0.0030453 0.0030479 0.0030460 0.0036651 0.0036627 0.0048936 0.0030474 0.0036595 0.0036595 0.0042776 0.0030485 0.0024347 0.0006056 0.0036626 0.0049193 0.0055239 0.0030479 0.0048936 0.0036633 0.0042766 0.0036633 0.0042755 0.0042774 0.0036595 0.0030463 0.0036595 0.0048951 0.0042808 0.0012126 0.0030453 0.0042773 0.0036595 0.0036602 0.0048984 0.0030453 0.0030466 0.0030463 0.0036615 0.0036595 0.0036607 0.0036611 0.0042774 0.0030466 0.0036611 0.0030466 0.0036604 0.0000010 0.0030463 0.0042758 0.0000010 0.0042777 0.0042777 0.0030474 0.0030460 0.0036595 0.0042758 0.0012210 0.0048958 0.0042777 0.0012191 0.0042773 0.0036604 0.0048963 0.0036604 0.0048936 0.0036598 0.0042774 0.0006056 0.0036595 0.0006056 0.0006085 0.0042766 0.0042774 0.0006085 0.0036598 0.0048963 0.0024322 0.0006057 0.0036625 0.0000010 
EPI_ISL_20244508 0.0030475 0.0030475 0.0024346 0.0006062 0.0000023 0.0000000 0.0000023 0.0012142 0.0000023 0.0030475 0.0030478 0.0030475 0.0036640 0.0036615 0.0024346 0.0036615 0.0006059 0.0012156 0.0042764 0.0036596 0.0030494 0.0036596 0.0036618 0.0036635 0.0030475 0.0036615 0.0030478 0.0036618 0.0042794 0.0030475 0.0030483 0.0042775 0.0036654 0.0042794 0.0042771 0.0036645 0.0042782 0.0042790 0.0036622 0.0012141 0.0012136 0.0036606 0.0036615 0.0036636 0.0042816 0.0018242 0.0006064 0.0006060 0.0012136 0.0012136 0.0012142 0.0006057 0.0036606 0.0036624 0.0036606 0.0036629 0.0000020 0.0006062 0.0042764 0.0036622 0.0036622 0.0030534 0.0036633 0.0036615 0.0036622 0.0036615 0.0036618 0.0042764 0.0042798 0.0067587 0.0048979 0.0036606 0.0042782 0.0036615 0.0036618 0.0030478 0.0036643 0.0036622 0.0048976 0.0006060 0.0036631 0.0042760 0.0036606 0.0046074 0.0036615 0.0042798 0.0048975 0.0036642 0.0048994 0.0049004 0.0036633 0.0042799 0.0036618 0.0042782 0.0042997 0.0042771 0.0030475 0.0006059 0.0012152 0.0012198 0.0006057 0.0006057 0.0048984 0.0012141 0.0012143 0.0042794 0.0036622 0.0006060 0.0012136 0.0006059 0.0006059 0.0006059 0.0000023 0.0012150 0.0049210 0.0036606 0.0048972 0.0030483 0.0042786 0.0042786 0.0006062 0.0006057 0.0042810 0.0048978 0.0049202 0.0000023 0.0036615 0.0048953 0.0036622 0.0030492 0.0030506 0.0012205 0.0030506 0.0036622 0.0048979 0.0042807 0.0036640 0.0042771 0.0048963 0.0042779 0.0042760 0.0036606 0.0036615 0.0049005 0.0030468 0.0030494 0.0030475 0.0036668 0.0036637 0.0048957 0.0030489 0.0036606 0.0036606 0.0042793 0.0030500 0.0024358 0.0006059 0.0036650 0.0049215 0.0055270 0.0030494 0.0048957 0.0036644 0.0042782 0.0036657 0.0042771 0.0042790 0.0036606 0.0030478 0.0036606 0.0048972 0.0042829 0.0012136 0.0030468 0.0042789 0.0036606 0.0036612 0.0049012 0.0030468 0.0030481 0.0030478 0.0036626 0.0036606 0.0036618 0.0036622 0.0042790 0.0030481 0.0036622 0.0030481 0.0036615 0.0000023 0.0030478 0.0042775 0.0000023 0.0042794 0.0042794 0.0030489 0.0030475 0.0036606 0.0042775 0.0012219 0.0048979 0.0042794 0.0012200 0.0042789 0.0036615 0.0048984 0.0036615 0.0048957 0.0036609 0.0042790 0.0006059 0.0036606 0.0006059 0.0006088 0.0042782 0.0042790 0.0006088 0.0036609 0.0048984 0.0024344 0.0006060 0.0036636 0.0000023 
EPI_ISL_20244509 0.0030460 0.0030460 0.0024324 0.0006059 0.0000010 0.0000023 0.0000000 0.0012132 0.0000010 0.0030460 0.0030463 0.0030460 0.0036629 0.0036604 0.0024324 0.0036604 0.0006056 0.0012147 0.0042748 0.0036586 0.0030479 0.0036586 0.0036607 0.0036625 0.0030460 0.0036604 0.0030463 0.0036607 0.0042777 0.0030460 0.0030468 0.0042758 0.0036643 0.0042777 0.0042755 0.0036634 0.0042766 0.0042774 0.0036611 0.0012132 0.0012126 0.0036595 0.0036604 0.0036625 0.0042790 0.0018227 0.0006059 0.0006057 0.0012126 0.0012126 0.0012132 0.0006055 0.0036595 0.0036613 0.0036595 0.0036606 0.0000023 0.0006059 0.0042748 0.0036611 0.0036611 0.0030519 0.0036622 0.0036604 0.0036611 0.0036604 0.0042773 0.0042748 0.0042782 0.0067555 0.0048958 0.0036595 0.0042766 0.0036604 0.0036607 0.0030463 0.0036620 0.0036611 0.0048955 0.0006057 0.0036621 0.0042744 0.0036595 0.0046074 0.0036604 0.0042782 0.0048954 0.0036619 0.0048973 0.0048983 0.0036622 0.0042782 0.0036607 0.0042766 0.0042979 0.0042755 0.0030460 0.0006056 0.0012143 0.0012189 0.0006055 0.0006055 0.0048963 0.0012132 0.0012133 0.0042777 0.0036611 0.0006057 0.0012126 0.0006056 0.0006056 0.0006056 0.0000010 0.0012141 0.0049188 0.0036595 0.0048951 0.0030468 0.0042769 0.0042769 0.0006060 0.0006055 0.0042785 0.0048957 0.0049181 0.0000023 0.0036604 0.0048933 0.0036611 0.0030477 0.0030491 0.0012195 0.0030491 0.0036611 0.0048958 0.0042791 0.0036617 0.0042755 0.0048942 0.0042763 0.0042744 0.0036595 0.0036604 0.0048984 0.0030453 0.0030479 0.0030460 0.0036651 0.0036627 0.0048936 0.0030474 0.0036595 0.0036595 0.0042776 0.0030485 0.0024347 0.0006056 0.0036626 0.0049193 0.0055239 0.0030479 0.0048936 0.0036633 0.0042766 0.0036633 0.0042755 0.0042774 0.0036595 0.0030463 0.0036595 0.0048951 0.0042808 0.0012126 0.0030453 0.0042773 0.0036595 0.0036602 0.0048984 0.0030453 0.0030466 0.0030463 0.0036615 0.0036595 0.0036607 0.0036611 0.0042774 0.0030466 0.0036611 0.0030466 0.0036604 0.0000010 0.0030463 0.0042758 0.0000010 0.0042777 0.0042777 0.0030474 0.0030460 0.0036595 0.0042758 0.0012210 0.0048958 0.0042777 0.0012191 0.0042773 0.0036604 0.0048963 0.0036604 0.0048936 0.0036598 0.0042774 0.0006056 0.0036595 0.0006056 0.0006085 0.0042766 0.0042774 0.0006085 0.0036598 0.0048963 0.0024322 0.0006057 0.0036625 0.0000010 
EPI_ISL_20244511 0.0042776 0.0042776 0.0036613 0.0006059 0.0012132 0.0012142 0.0012132 0.0000000 0.0012140 0.0042776 0.0042780 0.0042776 0.0048991 0.0048957 0.0036613 0.0048957 0.0018224 0.0000010 0.0055132 0.0048932 0.0042802 0.0048932 0.0048961 0.0048984 0.0042776 0.0048957 0.0042780 0.0048961 0.0055170 0.0042776 0.0042787 0.0055146 0.0049009 0.0055170 0.0055141 0.0048997 0.0055155 0.0055166 0.0048966 0.0012138 0.0000010 0.0048945 0.0048957 0.0048986 0.0055190 0.0006060 0.0018240 0.0018227 0.0012132 0.0024326 0.0000010 0.0018219 0.0048945 0.0048969 0.0048945 0.0048965 0.0012151 0.0006059 0.0055132 0.0048966 0.0048966 0.0042854 0.0048982 0.0048957 0.0048966 0.0048957 0.0055164 0.0055132 0.0055176 0.0080086 0.0061388 0.0048945 0.0055155 0.0048957 0.0048961 0.0042780 0.0048985 0.0048966 0.0061384 0.0018227 0.0048979 0.0055127 0.0048945 0.0059436 0.0048957 0.0055176 0.0061383 0.0048983 0.0061406 0.0061419 0.0048982 0.0055177 0.0048961 0.0055155 0.0055430 0.0055141 0.0042776 0.0006059 0.0024359 0.0024451 0.0018219 0.0018219 0.0061395 0.0024337 0.0024340 0.0055170 0.0048966 0.0018227 0.0000010 0.0018224 0.0018224 0.0018224 0.0012139 0.0000010 0.0061676 0.0048945 0.0048976 0.0042787 0.0055160 0.0055160 0.0018234 0.0018219 0.0055183 0.0061387 0.0061667 0.0012144 0.0048957 0.0061356 0.0048966 0.0042795 0.0042815 0.0024465 0.0042815 0.0048967 0.0061388 0.0055188 0.0048981 0.0055141 0.0061367 0.0055152 0.0055127 0.0048945 0.0048957 0.0061421 0.0042766 0.0042797 0.0042776 0.0049023 0.0048987 0.0061361 0.0042796 0.0048945 0.0048945 0.0055169 0.0042806 0.0036626 0.0018224 0.0048993 0.0061682 0.0067728 0.0042802 0.0061361 0.0048996 0.0055155 0.0049002 0.0055141 0.0055166 0.0048945 0.0042780 0.0048945 0.0061379 0.0055210 0.0024326 0.0042766 0.0055164 0.0048945 0.0048954 0.0061423 0.0042766 0.0042784 0.0042780 0.0048972 0.0048945 0.0048961 0.0048966 0.0055166 0.0042784 0.0048966 0.0042784 0.0048957 0.0012139 0.0042780 0.0055146 0.0012140 0.0055170 0.0055170 0.0042796 0.0042776 0.0048945 0.0055146 0.0024494 0.0061388 0.0055170 0.0024456 0.0055164 0.0048957 0.0061395 0.0048957 0.0061361 0.0048949 0.0055166 0.0018224 0.0048945 0.0018224 0.0018312 0.0055155 0.0055166 0.0018312 0.0048949 0.0061395 0.0036610 0.0018227 0.0048986 0.0012138 
EPI_ISL_20244513 0.0030479 0.0030479 0.0024339 0.0006063 0.0000010 0.0000023 0.0000010 0.0012140 0.0000000 0.0030479 0.0030481 0.0030479 0.0036652 0.0036627 0.0024339 0.0036627 0.0006060 0.0012154 0.0042774 0.0036608 0.0030497 0.0036608 0.0036629 0.0036647 0.0030479 0.0036627 0.0030481 0.0036629 0.0042803 0.0030479 0.0030486 0.0042784 0.0036665 0.0042803 0.0042781 0.0036656 0.0042792 0.0042800 0.0036633 0.0012139 0.0012134 0.0036617 0.0036627 0.0036648 0.0042816 0.0018238 0.0006063 0.0006061 0.0012134 0.0012134 0.0012140 0.0006058 0.0036617 0.0036635 0.0036617 0.0036628 0.0000023 0.0006063 0.0042774 0.0036633 0.0036633 0.0030537 0.0036645 0.0036626 0.0036633 0.0036627 0.0042799 0.0042774 0.0042808 0.0067596 0.0048988 0.0036617 0.0042792 0.0036627 0.0036629 0.0030481 0.0036642 0.0036633 0.0048985 0.0006061 0.0036643 0.0042770 0.0036617 0.0046104 0.0036627 0.0042808 0.0048984 0.0036641 0.0049003 0.0049013 0.0036645 0.0042808 0.0036629 0.0042792 0.0043006 0.0042781 0.0030479 0.0006060 0.0012150 0.0012196 0.0006058 0.0006058 0.0048993 0.0012139 0.0012140 0.0042803 0.0036633 0.0006061 0.0012134 0.0006060 0.0006060 0.0006060 0.0000010 0.0012148 0.0049218 0.0036617 0.0048981 0.0030486 0.0042795 0.0042795 0.0006063 0.0006058 0.0042811 0.0048987 0.0049211 0.0000023 0.0036627 0.0048962 0.0036633 0.0030496 0.0030509 0.0012203 0.0030509 0.0036634 0.0048988 0.0042817 0.0036639 0.0042781 0.0048972 0.0042789 0.0042770 0.0036617 0.0036627 0.0049014 0.0030471 0.0030497 0.0030479 0.0036674 0.0036649 0.0048966 0.0030492 0.0036617 0.0036617 0.0042802 0.0030503 0.0024362 0.0006060 0.0036649 0.0049223 0.0055273 0.0030497 0.0048966 0.0036656 0.0042792 0.0036656 0.0042781 0.0042800 0.0036617 0.0030481 0.0036617 0.0048981 0.0042834 0.0012134 0.0030471 0.0042799 0.0036617 0.0036624 0.0049014 0.0030471 0.0030484 0.0030481 0.0036638 0.0036617 0.0036629 0.0036633 0.0042800 0.0030484 0.0036633 0.0030484 0.0036627 0.0000010 0.0030481 0.0042784 0.0000010 0.0042803 0.0042803 0.0030492 0.0030479 0.0036617 0.0042784 0.0012218 0.0048988 0.0042803 0.0012198 0.0042799 0.0036627 0.0048993 0.0036627 0.0048966 0.0036620 0.0042800 0.0006060 0.0036617 0.0006060 0.0006089 0.0042792 0.0042800 0.0006089 0.0036620 0.0048993 0.0024337 0.0006061 0.0036648 0.0000010 
EPI_ISL_20249456 0.0012127 0.0012127 0.0006055 0.0036623 0.0030460 0.0030475 0.0030460 0.0042776 0.0030479 0.0000000 0.0012128 0.0000010 0.0018228 0.0006056 0.0006055 0.0006056 0.0036604 0.0042826 0.0024311 0.0018206 0.0000010 0.0018206 0.0018217 0.0018225 0.0012127 0.0006056 0.0012128 0.0018217 0.0024327 0.0012127 0.0012130 0.0024317 0.0006063 0.0024327 0.0024315 0.0006061 0.0012130 0.0012132 0.0006058 0.0042774 0.0042755 0.0006055 0.0006056 0.0018226 0.0012142 0.0048966 0.0036617 0.0036611 0.0042755 0.0042755 0.0042776 0.0036595 0.0006055 0.0006058 0.0006055 0.0006058 0.0030510 0.0036623 0.0024311 0.0006058 0.0006058 0.0000023 0.0006059 0.0018215 0.0006058 0.0006056 0.0012132 0.0024311 0.0012134 0.0048915 0.0030465 0.0006055 0.0024321 0.0006056 0.0006057 0.0012128 0.0006060 0.0006058 0.0030463 0.0036611 0.0018224 0.0024309 0.0006055 0.0026204 0.0006056 0.0012134 0.0030462 0.0018232 0.0018230 0.0018234 0.0006059 0.0024330 0.0006057 0.0024321 0.0012191 0.0024315 0.0012127 0.0036604 0.0042813 0.0042971 0.0036595 0.0036595 0.0030468 0.0042774 0.0042779 0.0012133 0.0018219 0.0036611 0.0042755 0.0036604 0.0036604 0.0036604 0.0030477 0.0042805 0.0024347 0.0018211 0.0030460 0.0012130 0.0012131 0.0024323 0.0036625 0.0036595 0.0012140 0.0030464 0.0030604 0.0030479 0.0006056 0.0018215 0.0006058 0.0000023 0.0012143 0.0042995 0.0012143 0.0018219 0.0018225 0.0024335 0.0006060 0.0024315 0.0018219 0.0012129 0.0024309 0.0018211 0.0006056 0.0030481 0.0012124 0.0000023 0.0012127 0.0006066 0.0006060 0.0018217 0.0012132 0.0006055 0.0006055 0.0024327 0.0000023 0.0006058 0.0036604 0.0006061 0.0018314 0.0024380 0.0000010 0.0018217 0.0006061 0.0012130 0.0006062 0.0024315 0.0012132 0.0018211 0.0012128 0.0018211 0.0018222 0.0012141 0.0042755 0.0012124 0.0012132 0.0018211 0.0018214 0.0030483 0.0012124 0.0012129 0.0012128 0.0018221 0.0018211 0.0006057 0.0006058 0.0024326 0.0012129 0.0018219 0.0012129 0.0006056 0.0030477 0.0012128 0.0012128 0.0030479 0.0024327 0.0012133 0.0012132 0.0012127 0.0018211 0.0012128 0.0043046 0.0030465 0.0012133 0.0042979 0.0012132 0.0018215 0.0030468 0.0018215 0.0018217 0.0018212 0.0024326 0.0036604 0.0018211 0.0036604 0.0036778 0.0024321 0.0024326 0.0036778 0.0018212 0.0030468 0.0042769 0.0036611 0.0018226 0.0030475 
EPI_ISL_20249457 0.0012128 0.0012128 0.0006055 0.0036625 0.0030463 0.0030478 0.0030463 0.0042780 0.0030481 0.0012128 0.0000000 0.0012128 0.0018229 0.0018217 0.0006055 0.0018217 0.0036607 0.0042830 0.0012119 0.0018208 0.0012135 0.0018208 0.0018218 0.0018227 0.0012128 0.0018217 0.0000010 0.0018218 0.0024329 0.0012128 0.0024323 0.0024319 0.0018236 0.0024329 0.0024317 0.0018232 0.0024323 0.0024327 0.0018220 0.0042777 0.0042758 0.0018212 0.0018217 0.0006057 0.0024349 0.0048970 0.0036620 0.0036614 0.0042758 0.0042758 0.0042780 0.0036598 0.0018212 0.0018221 0.0018212 0.0018227 0.0030512 0.0036625 0.0012119 0.0018220 0.0018220 0.0012155 0.0018226 0.0018217 0.0018220 0.0018217 0.0024327 0.0024312 0.0024332 0.0048919 0.0030467 0.0018212 0.0024323 0.0018217 0.0018218 0.0012129 0.0018234 0.0018220 0.0030465 0.0036614 0.0018225 0.0024311 0.0018212 0.0026206 0.0018217 0.0024332 0.0030465 0.0018234 0.0030476 0.0030482 0.0018226 0.0024332 0.0018218 0.0024323 0.0024446 0.0024317 0.0012128 0.0036607 0.0042817 0.0042975 0.0036598 0.0036598 0.0030470 0.0042777 0.0042782 0.0024329 0.0018220 0.0036614 0.0042758 0.0036607 0.0036607 0.0036607 0.0030480 0.0042808 0.0036632 0.0018212 0.0030463 0.0024323 0.0024325 0.0024325 0.0036627 0.0036598 0.0024346 0.0030466 0.0030606 0.0030481 0.0018217 0.0030451 0.0018220 0.0012138 0.0012144 0.0042999 0.0012144 0.0018220 0.0030467 0.0024337 0.0018233 0.0024317 0.0030457 0.0024321 0.0024311 0.0018212 0.0018217 0.0030483 0.0012125 0.0012139 0.0012128 0.0018248 0.0018228 0.0030454 0.0012133 0.0018212 0.0018212 0.0024329 0.0012141 0.0006059 0.0036607 0.0018238 0.0030614 0.0036661 0.0012135 0.0030454 0.0018231 0.0024323 0.0018241 0.0024317 0.0024327 0.0018212 0.0012129 0.0018212 0.0030463 0.0024355 0.0042758 0.0012125 0.0024327 0.0018212 0.0018216 0.0030485 0.0012125 0.0012130 0.0012129 0.0018222 0.0018212 0.0018218 0.0018220 0.0024327 0.0012130 0.0018220 0.0012130 0.0018217 0.0030480 0.0012129 0.0024319 0.0030481 0.0024329 0.0024329 0.0012133 0.0012128 0.0018212 0.0024319 0.0043049 0.0030467 0.0024329 0.0042983 0.0024327 0.0018217 0.0030470 0.0018217 0.0030454 0.0018214 0.0024327 0.0036607 0.0018212 0.0036607 0.0036781 0.0024323 0.0024327 0.0036781 0.0018214 0.0030470 0.0042773 0.0036614 0.0018227 0.0030478 
EPI_ISL_20249459 0.0012127 0.0012127 0.0006055 0.0036623 0.0030460 0.0030475 0.0030460 0.0042776 0.0030479 0.0000010 0.0012128 0.0000000 0.0018228 0.0006056 0.0006055 0.0006056 0.0036604 0.0042826 0.0024311 0.0018206 0.0000010 0.0018206 0.0018217 0.0018225 0.0012127 0.0006056 0.0012128 0.0018217 0.0024327 0.0012127 0.0012130 0.0024317 0.0006063 0.0024327 0.0024315 0.0006061 0.0012130 0.0012132 0.0006058 0.0042774 0.0042755 0.0006055 0.0006056 0.0018226 0.0012142 0.0048966 0.0036617 0.0036611 0.0042755 0.0042755 0.0042776 0.0036595 0.0006055 0.0006058 0.0006055 0.0006058 0.0030510 0.0036623 0.0024311 0.0006058 0.0006058 0.0000023 0.0006059 0.0018215 0.0006058 0.0006056 0.0012132 0.0024311 0.0012134 0.0048915 0.0030465 0.0006055 0.0024321 0.0006056 0.0006057 0.0012128 0.0006060 0.0006058 0.0030463 0.0036611 0.0018224 0.0024309 0.0006055 0.0026204 0.0006056 0.0012134 0.0030462 0.0018232 0.0018230 0.0018234 0.0006059 0.0024330 0.0006057 0.0024321 0.0012191 0.0024315 0.0012127 0.0036604 0.0042813 0.0042971 0.0036595 0.0036595 0.0030468 0.0042774 0.0042779 0.0012133 0.0018219 0.0036611 0.0042755 0.0036604 0.0036604 0.0036604 0.0030477 0.0042805 0.0024347 0.0018211 0.0030460 0.0012130 0.0012131 0.0024323 0.0036625 0.0036595 0.0012140 0.0030464 0.0030604 0.0030479 0.0006056 0.0018215 0.0006058 0.0000023 0.0012143 0.0042995 0.0012143 0.0018219 0.0018225 0.0024335 0.0006060 0.0024315 0.0018219 0.0012129 0.0024309 0.0018211 0.0006056 0.0030481 0.0012124 0.0000023 0.0012127 0.0006066 0.0006060 0.0018217 0.0012132 0.0006055 0.0006055 0.0024327 0.0000023 0.0006058 0.0036604 0.0006061 0.0018314 0.0024380 0.0000010 0.0018217 0.0006061 0.0012130 0.0006062 0.0024315 0.0012132 0.0018211 0.0012128 0.0018211 0.0018222 0.0012141 0.0042755 0.0012124 0.0012132 0.0018211 0.0018214 0.0030483 0.0012124 0.0012129 0.0012128 0.0018221 0.0018211 0.0006057 0.0006058 0.0024326 0.0012129 0.0018219 0.0012129 0.0006056 0.0030477 0.0012128 0.0012128 0.0030479 0.0024327 0.0012133 0.0012132 0.0012127 0.0018211 0.0012128 0.0043046 0.0030465 0.0012133 0.0042979 0.0012132 0.0018215 0.0030468 0.0018215 0.0018217 0.0018212 0.0024326 0.0036604 0.0018211 0.0036604 0.0036778 0.0024321 0.0024326 0.0036778 0.0018212 0.0030468 0.0042769 0.0036611 0.0018226 0.0030475 
EPI_ISL_20249460 0.0018228 0.0018228 0.0012135 0.0042817 0.0036629 0.0036640 0.0036629 0.0048991 0.0036652 0.0018228 0.0018229 0.0018228 0.0000000 0.0024338 0.0012135 0.0024338 0.0042795 0.0049048 0.0030464 0.0024325 0.0018239 0.0024325 0.0024340 0.0024351 0.0018228 0.0024338 0.0018229 0.0024340 0.0030485 0.0018228 0.0030477 0.0030472 0.0024364 0.0030485 0.0030470 0.0024357 0.0030477 0.0030483 0.0024342 0.0048988 0.0048966 0.0024331 0.0024338 0.0024352 0.0030498 0.0055204 0.0042814 0.0042803 0.0048966 0.0048966 0.0048991 0.0042784 0.0024331 0.0024344 0.0024331 0.0024353 0.0036686 0.0042817 0.0030464 0.0024342 0.0024342 0.0018269 0.0024350 0.0024337 0.0024342 0.0024338 0.0030482 0.0030464 0.0030489 0.0055146 0.0036635 0.0024331 0.0030477 0.0024338 0.0024340 0.0018229 0.0024362 0.0024342 0.0036632 0.0042803 0.0024348 0.0030462 0.0024331 0.0032829 0.0024338 0.0030489 0.0036632 0.0024362 0.0036645 0.0036653 0.0024350 0.0030489 0.0024340 0.0030477 0.0030630 0.0030470 0.0018228 0.0042795 0.0049033 0.0049214 0.0042784 0.0042784 0.0036639 0.0048988 0.0048994 0.0030485 0.0024342 0.0042803 0.0048966 0.0042795 0.0042795 0.0042795 0.0036650 0.0049024 0.0042824 0.0024331 0.0036629 0.0030477 0.0030480 0.0030480 0.0042819 0.0042784 0.0030494 0.0036634 0.0036802 0.0036644 0.0024338 0.0036616 0.0024342 0.0018244 0.0018252 0.0049242 0.0018252 0.0024342 0.0036635 0.0030495 0.0024361 0.0030470 0.0036622 0.0030475 0.0030462 0.0024331 0.0024338 0.0036654 0.0018223 0.0018245 0.0018228 0.0024379 0.0024352 0.0036618 0.0018236 0.0024331 0.0024331 0.0030485 0.0018248 0.0012145 0.0042795 0.0024367 0.0036811 0.0042862 0.0018239 0.0036618 0.0024357 0.0030477 0.0024371 0.0030470 0.0030483 0.0024331 0.0018229 0.0024331 0.0036629 0.0030507 0.0048966 0.0018223 0.0030482 0.0024331 0.0024336 0.0036649 0.0018223 0.0018231 0.0018229 0.0024345 0.0024331 0.0024340 0.0024342 0.0030483 0.0018231 0.0024342 0.0018231 0.0024338 0.0036650 0.0018229 0.0030472 0.0036652 0.0030485 0.0030485 0.0018236 0.0018228 0.0024331 0.0030472 0.0049299 0.0036635 0.0030485 0.0049223 0.0030482 0.0024338 0.0036639 0.0024338 0.0036618 0.0024333 0.0030483 0.0042795 0.0024331 0.0042795 0.0042998 0.0030477 0.0030483 0.0042998 0.0024333 0.0036639 0.0048983 0.0042803 0.0024352 0.0036648 
EPI_ISL_20249461 0.0018215 0.0018215 0.0012127 0.0042787 0.0036604 0.0036615 0.0036604 0.0048957 0.0036627 0.0006056 0.0018217 0.0006056 0.0024338 0.0000000 0.0012127 0.0000010 0.0042766 0.0049014 0.0030444 0.0024309 0.0006060 0.0024309 0.0024323 0.0024334 0.0018215 0.0012130 0.0018217 0.0024323 0.0030465 0.0018215 0.0018220 0.0030451 0.0012143 0.0030465 0.0030449 0.0000010 0.0006058 0.0006059 0.0012132 0.0048954 0.0048933 0.0012127 0.0012130 0.0024335 0.0018238 0.0055166 0.0042785 0.0042774 0.0048933 0.0048933 0.0048957 0.0042755 0.0012127 0.0012133 0.0012127 0.0012137 0.0036661 0.0042787 0.0030444 0.0012132 0.0012132 0.0006068 0.0012136 0.0024321 0.0012132 0.0012130 0.0018223 0.0030444 0.0018227 0.0055108 0.0036610 0.0012127 0.0030456 0.0012130 0.0012131 0.0018217 0.0012141 0.0012132 0.0036607 0.0042774 0.0024332 0.0030441 0.0012127 0.0032805 0.0012130 0.0018227 0.0036607 0.0024345 0.0024341 0.0024346 0.0012136 0.0030468 0.0012131 0.0030456 0.0018312 0.0030449 0.0018215 0.0042766 0.0048999 0.0049180 0.0042755 0.0042755 0.0036614 0.0048954 0.0048960 0.0018225 0.0024326 0.0042774 0.0048933 0.0042766 0.0042766 0.0042766 0.0036625 0.0048990 0.0030488 0.0024315 0.0036604 0.0018220 0.0006058 0.0030459 0.0042790 0.0042755 0.0006061 0.0036609 0.0036777 0.0036619 0.0012130 0.0012130 0.0012132 0.0006060 0.0018240 0.0049208 0.0018240 0.0024326 0.0012136 0.0030474 0.0000023 0.0030449 0.0024326 0.0018219 0.0030441 0.0024315 0.0012130 0.0036629 0.0018211 0.0006060 0.0018215 0.0012145 0.0000010 0.0024323 0.0018224 0.0012127 0.0012127 0.0030464 0.0006061 0.0012137 0.0042766 0.0012143 0.0024452 0.0030519 0.0006060 0.0012131 0.0012139 0.0018220 0.0012146 0.0030449 0.0018224 0.0024315 0.0018217 0.0024315 0.0024330 0.0018244 0.0048933 0.0018211 0.0018223 0.0024315 0.0024319 0.0036624 0.0018211 0.0018219 0.0018217 0.0024328 0.0024315 0.0012131 0.0012132 0.0030462 0.0018219 0.0024326 0.0018219 0.0012130 0.0036625 0.0018217 0.0018217 0.0036627 0.0030465 0.0018225 0.0018224 0.0018215 0.0024315 0.0018217 0.0049265 0.0036610 0.0018225 0.0049189 0.0018223 0.0024321 0.0036614 0.0024321 0.0024323 0.0024317 0.0030462 0.0042766 0.0024315 0.0042766 0.0042969 0.0030457 0.0030462 0.0042969 0.0024317 0.0036614 0.0048949 0.0042774 0.0024335 0.0036623 
EPI_ISL_20249462 0.0006055 0.0006055 0.0000010 0.0030475 0.0024324 0.0024346 0.0024324 0.0036613 0.0024339 0.0006055 0.0006055 0.0006055 0.0012135 0.0012127 0.0000000 0.0012127 0.0030460 0.0036656 0.0018208 0.0012121 0.0006059 0.0012121 0.0012128 0.0012133 0.0006055 0.0012127 0.0006055 0.0012128 0.0018220 0.0006055 0.0018215 0.0018212 0.0012140 0.0018220 0.0018211 0.0012137 0.0018215 0.0018219 0.0012129 0.0036611 0.0036595 0.0012124 0.0012127 0.0012134 0.0018234 0.0042784 0.0030477 0.0030466 0.0036595 0.0036595 0.0036613 0.0030453 0.0012124 0.0012130 0.0012124 0.0012134 0.0024372 0.0030475 0.0018208 0.0012129 0.0012129 0.0006066 0.0012133 0.0012127 0.0012129 0.0012127 0.0018218 0.0018208 0.0018222 0.0042740 0.0024327 0.0012124 0.0018215 0.0012127 0.0012128 0.0006055 0.0012138 0.0012129 0.0024326 0.0030466 0.0012132 0.0018206 0.0012124 0.0019623 0.0012127 0.0018222 0.0024326 0.0012138 0.0024335 0.0024340 0.0012133 0.0018222 0.0012128 0.0018215 0.0018308 0.0018211 0.0006055 0.0030460 0.0036645 0.0036780 0.0030453 0.0030453 0.0024330 0.0036611 0.0036615 0.0018220 0.0012129 0.0030466 0.0036595 0.0030460 0.0030460 0.0030460 0.0024338 0.0036638 0.0030481 0.0012124 0.0024324 0.0018215 0.0018217 0.0018217 0.0030477 0.0030453 0.0018232 0.0024327 0.0024440 0.0024348 0.0012127 0.0024315 0.0012129 0.0006058 0.0006061 0.0036801 0.0006061 0.0012129 0.0024327 0.0018226 0.0012137 0.0018211 0.0024319 0.0018214 0.0018206 0.0012124 0.0012127 0.0024341 0.0006053 0.0006058 0.0006055 0.0012142 0.0012134 0.0024317 0.0006058 0.0012124 0.0012124 0.0018220 0.0006060 0.0000023 0.0030460 0.0012140 0.0024446 0.0030511 0.0006059 0.0024317 0.0012136 0.0018215 0.0012143 0.0018211 0.0018219 0.0012124 0.0006055 0.0012124 0.0024324 0.0018240 0.0036595 0.0006053 0.0018218 0.0012124 0.0012126 0.0024352 0.0006053 0.0006056 0.0006055 0.0012130 0.0012124 0.0012128 0.0012129 0.0018219 0.0006056 0.0012129 0.0006056 0.0012127 0.0024338 0.0006055 0.0018212 0.0024339 0.0018220 0.0018220 0.0006058 0.0006055 0.0012124 0.0018212 0.0036844 0.0024327 0.0018220 0.0036787 0.0018218 0.0012127 0.0024330 0.0012127 0.0024317 0.0012125 0.0018219 0.0030460 0.0012124 0.0030460 0.0030605 0.0018215 0.0018219 0.0030605 0.0012125 0.0024330 0.0036607 0.0030466 0.0012134 0.0024336 
EPI_ISL_20249463 0.0018215 0.0018215 0.0012127 0.0042787 0.0036604 0.0036615 0.0036604 0.0048957 0.0036627 0.0006056 0.0018217 0.0006056 0.0024338 0.0000010 0.0012127 0.0000000 0.0042766 0.0049014 0.0030444 0.0024309 0.0006060 0.0024309 0.0024323 0.0024334 0.0018215 0.0012130 0.0018217 0.0024323 0.0030465 0.0018215 0.0018220 0.0030451 0.0012143 0.0030465 0.0030449 0.0000010 0.0006058 0.0006059 0.0012132 0.0048954 0.0048933 0.0012127 0.0012130 0.0024335 0.0018238 0.0055166 0.0042785 0.0042774 0.0048933 0.0048933 0.0048957 0.0042755 0.0012127 0.0012133 0.0012127 0.0012137 0.0036661 0.0042787 0.0030444 0.0012132 0.0012132 0.0006068 0.0012136 0.0024321 0.0012132 0.0012130 0.0018223 0.0030444 0.0018227 0.0055108 0.0036610 0.0012127 0.0030456 0.0012130 0.0012131 0.0018217 0.0012141 0.0012132 0.0036607 0.0042774 0.0024332 0.0030441 0.0012127 0.0032805 0.0012130 0.0018227 0.0036607 0.0024345 0.0024341 0.0024346 0.0012136 0.0030468 0.0012131 0.0030456 0.0018312 0.0030449 0.0018215 0.0042766 0.0048999 0.0049180 0.0042755 0.0042755 0.0036614 0.0048954 0.0048960 0.0018225 0.0024326 0.0042774 0.0048933 0.0042766 0.0042766 0.0042766 0.0036625 0.0048990 0.0030488 0.0024315 0.0036604 0.0018220 0.0006058 0.0030459 0.0042790 0.0042755 0.0006061 0.0036609 0.0036777 0.0036619 0.0012130 0.0012130 0.0012132 0.0006060 0.0018240 0.0049208 0.0018240 0.0024326 0.0012136 0.0030474 0.0000023 0.0030449 0.0024326 0.0018219 0.0030441 0.0024315 0.0012130 0.0036629 0.0018211 0.0006060 0.0018215 0.0012145 0.0000010 0.0024323 0.0018224 0.0012127 0.0012127 0.0030464 0.0006061 0.0012137 0.0042766 0.0012143 0.0024452 0.0030519 0.0006060 0.0012131 0.0012139 0.0018220 0.0012146 0.0030449 0.0018224 0.0024315 0.0018217 0.0024315 0.0024330 0.0018244 0.0048933 0.0018211 0.0018223 0.0024315 0.0024319 0.0036624 0.0018211 0.0018219 0.0018217 0.0024328 0.0024315 0.0012131 0.0012132 0.0030462 0.0018219 0.0024326 0.0018219 0.0012130 0.0036625 0.0018217 0.0018217 0.0036627 0.0030465 0.0018225 0.0018224 0.0018215 0.0024315 0.0018217 0.0049265 0.0036610 0.0018225 0.0049189 0.0018223 0.0024321 0.0036614 0.0024321 0.0024323 0.0024317 0.0030462 0.0042766 0.0024315 0.0042766 0.0042969 0.0030457 0.0030462 0.0042969 0.0024317 0.0036614 0.0048949 0.0042774 0.0024335 0.0036623 
EPI_ISL_20255436 0.0036604 0.0036604 0.0030460 0.0012135 0.0006056 0.0006059 0.0006056 0.0018224 0.0006060 0.0036604 0.0036607 0.0036604 0.0042795 0.0042766 0.0030460 0.0042766 0.0000000 0.0018245 0.0048924 0.0042744 0.0036627 0.0042744 0.0042769 0.0042790 0.0036604 0.0042766 0.0036607 0.0042769 0.0048958 0.0036604 0.0036614 0.0048936 0.0042811 0.0048958 0.0048933 0.0042801 0.0048945 0.0048954 0.0042774 0.0018223 0.0018215 0.0042755 0.0042766 0.0042791 0.0048975 0.0024337 0.0012140 0.0012132 0.0018215 0.0018215 0.0018224 0.0012126 0.0042755 0.0042776 0.0042755 0.0042771 0.0006068 0.0012135 0.0048924 0.0042774 0.0042774 0.0036667 0.0042787 0.0042766 0.0042774 0.0042766 0.0048953 0.0048924 0.0048963 0.0073802 0.0055157 0.0042755 0.0048945 0.0042766 0.0042769 0.0036607 0.0042788 0.0042774 0.0055153 0.0012132 0.0042785 0.0048920 0.0042755 0.0052737 0.0042766 0.0048963 0.0055152 0.0042787 0.0055173 0.0055185 0.0042787 0.0048964 0.0042769 0.0048945 0.0049189 0.0048933 0.0036604 0.0012129 0.0018239 0.0018308 0.0012126 0.0012126 0.0055163 0.0018223 0.0018225 0.0048958 0.0030474 0.0012132 0.0018215 0.0012129 0.0012129 0.0012129 0.0006060 0.0018236 0.0055416 0.0042755 0.0055149 0.0036614 0.0048949 0.0048949 0.0012136 0.0012126 0.0048968 0.0055156 0.0055407 0.0006060 0.0042766 0.0055128 0.0042774 0.0036617 0.0036633 0.0018318 0.0036633 0.0042774 0.0055157 0.0048974 0.0042785 0.0048933 0.0055138 0.0048942 0.0048920 0.0042755 0.0042766 0.0055186 0.0036595 0.0036619 0.0036604 0.0042823 0.0042792 0.0055132 0.0036621 0.0042755 0.0042755 0.0048957 0.0036626 0.0030477 0.0000010 0.0042796 0.0055421 0.0061466 0.0036627 0.0055132 0.0042800 0.0048945 0.0042804 0.0048933 0.0048954 0.0042755 0.0036607 0.0042755 0.0055149 0.0048993 0.0018215 0.0036595 0.0048953 0.0042755 0.0042763 0.0055187 0.0036595 0.0036611 0.0036607 0.0042779 0.0042755 0.0042769 0.0042774 0.0048954 0.0036611 0.0042774 0.0036611 0.0042766 0.0006060 0.0036607 0.0048936 0.0006060 0.0048958 0.0048958 0.0036621 0.0036604 0.0042755 0.0048936 0.0018341 0.0055157 0.0048958 0.0018312 0.0048953 0.0042766 0.0055163 0.0042766 0.0055132 0.0042758 0.0048954 0.0012129 0.0042755 0.0012129 0.0012188 0.0048945 0.0048954 0.0012188 0.0042758 0.0055163 0.0030458 0.0012132 0.0042791 0.0006059 
