65
EPI_ISL_20236994 0.0000000 0.0075111 0.0074914 0.0000010 0.0074914 0.0037352 0.0037352 0.0112670 0.0074969 0.0112686 0.0112761 0.0074963 0.0074903 0.0112686 0.0112751 0.0112751 0.0194843 0.0189070 0.0112754 0.0150953 0.0151050 0.0150941 0.0074914 0.0074963 0.0037374 0.0037448 0.0234846 0.0037448 0.0075052 0.0112976 0.0074959 0.0112670 0.0150750 0.0112745 0.0151044 0.0037347 0.0037374 0.0037352 0.0075052 0.0074958 0.0150738 0.0037425 0.0074903 0.0074903 0.0112895 0.0037380 0.0000020 0.0150851 0.0189097 0.0074969 0.0151165 0.0037374 0.0075007 0.0112686 0.0075019 0.0112670 0.0112761 0.0074903 0.0037373 0.0074903 0.0074914 0.0150851 0.0112868 0.0074952 0.0150947 
EPI_ISL_20249460 0.0075111 0.0000000 0.0151075 0.0075111 0.0151075 0.0112986 0.0112986 0.0189354 0.0151188 0.0189381 0.0189509 0.0151177 0.0151054 0.0189381 0.0189493 0.0189493 0.0274825 0.0266938 0.0189495 0.0228342 0.0228491 0.0228321 0.0151075 0.0151177 0.0113054 0.0113281 0.0315519 0.0113281 0.0151360 0.0189880 0.0151164 0.0189354 0.0228028 0.0189482 0.0228480 0.0112970 0.0113053 0.0112986 0.0151356 0.0151165 0.0228008 0.0113212 0.0151054 0.0151054 0.0189740 0.0113070 0.0075156 0.0228183 0.0266976 0.0151186 0.0228669 0.0113053 0.0151267 0.0189381 0.0151287 0.0189354 0.0189509 0.0151054 0.0113051 0.0151054 0.0151075 0.0228183 0.0189695 0.0151155 0.0228334 
EPI_ISL_20249461 0.0074914 0.0151075 0.0000000 0.0074914 0.0000010 0.0037357 0.0037357 0.0188842 0.0000010 0.0037363 0.0037387 0.0074974 0.0074914 0.0112702 0.0037384 0.0188980 0.0274045 0.0266200 0.0037385 0.0227717 0.0227865 0.0227696 0.0074924 0.0074974 0.0037380 0.0112980 0.0314614 0.0112980 0.0150954 0.0189365 0.0000020 0.0188842 0.0150772 0.0112761 0.0227855 0.0112670 0.0037379 0.0112686 0.0075063 0.0000010 0.0150759 0.0112912 0.0074914 0.0074914 0.0189226 0.0037385 0.0074959 0.0227559 0.0266239 0.0074980 0.0151186 0.0037379 0.0075018 0.0112702 0.0075029 0.0188842 0.0112777 0.0150650 0.0112751 0.0150650 0.0074924 0.0150873 0.0112884 0.0150750 0.0227709 
EPI_ISL_20249462 0.0000010 0.0075111 0.0074914 0.0000000 0.0074914 0.0037352 0.0037352 0.0112670 0.0074969 0.0112686 0.0112761 0.0074963 0.0074903 0.0112686 0.0112751 0.0112751 0.0194843 0.0189070 0.0112754 0.0150953 0.0151050 0.0150941 0.0074914 0.0074963 0.0037374 0.0037448 0.0234846 0.0037448 0.0075052 0.0112976 0.0074959 0.0112670 0.0150750 0.0112745 0.0151044 0.0037347 0.0037374 0.0037352 0.0075052 0.0074958 0.0150738 0.0037425 0.0074903 0.0074903 0.0112895 0.0037380 0.0000020 0.0150851 0.0189097 0.0074969 0.0151165 0.0037374 0.0075007 0.0112686 0.0075019 0.0112670 0.0112761 0.0074903 0.0037373 0.0074903 0.0074914 0.0150851 0.0112868 0.0074952 0.0150947 
EPI_ISL_20249463 0.0074914 0.0151075 0.0000010 0.0074914 0.0000000 0.0037357 0.0037357 0.0188842 0.0000010 0.0037363 0.0037387 0.0074974 0.0074914 0.0112702 0.0037384 0.0188980 0.0274045 0.0266200 0.0037385 0.0227717 0.0227865 0.0227696 0.0074924 0.0074974 0.0037380 0.0112980 0.0314614 0.0112980 0.0150954 0.0189365 0.0000020 0.0188842 0.0150772 0.0112761 0.0227855 0.0112670 0.0037379 0.0112686 0.0075063 0.0000010 0.0150759 0.0112912 0.0074914 0.0074914 0.0189226 0.0037385 0.0074959 0.0227559 0.0266239 0.0074980 0.0151186 0.0037379 0.0075018 0.0112702 0.0075029 0.0188842 0.0112777 0.0150650 0.0112751 0.0150650 0.0074924 0.0150873 0.0112884 0.0150750 0.0227709 
EPI_ISL_20249466 0.0037352 0.0112986 0.0037357 0.0037352 0.0037357 0.0000000 0.0000010 0.0150650 0.0037385 0.0074924 0.0074974 0.0037382 0.0037352 0.0074924 0.0074967 0.0150759 0.0234349 0.0227527 0.0074969 0.0189226 0.0189349 0.0189210 0.0037357 0.0037382 0.0000020 0.0075107 0.0274632 0.0075107 0.0112896 0.0151062 0.0037380 0.0150650 0.0112761 0.0074963 0.0189341 0.0074903 0.0000020 0.0074914 0.0037418 0.0037379 0.0112751 0.0075062 0.0037352 0.0037352 0.0150953 0.0000020 0.0037374 0.0189097 0.0227559 0.0037385 0.0113068 0.0000010 0.0037404 0.0074924 0.0037409 0.0150650 0.0074974 0.0112670 0.0074957 0.0112670 0.0037357 0.0112836 0.0075046 0.0112745 0.0189221 
EPI_ISL_20260285 0.0037352 0.0112986 0.0037357 0.0037352 0.0037357 0.0000010 0.0000000 0.0150650 0.0037385 0.0074924 0.0074974 0.0037382 0.0037352 0.0074924 0.0074967 0.0150759 0.0234349 0.0227527 0.0074969 0.0189226 0.0189349 0.0189210 0.0037357 0.0037382 0.0000020 0.0075107 0.0274632 0.0075107 0.0112896 0.0151062 0.0037380 0.0150650 0.0112761 0.0074963 0.0189341 0.0074903 0.0000020 0.0074914 0.0037418 0.0037379 0.0112751 0.0075062 0.0037352 0.0037352 0.0150953 0.0000020 0.0037374 0.0189097 0.0227559 0.0037385 0.0113068 0.0000010 0.0037404 0.0074924 0.0037409 0.0150650 0.0074974 0.0112670 0.0074957 0.0112670 0.0037357 0.0112836 0.0075046 0.0112745 0.0189221 
EPI_ISL_20260287 0.0112670 0.0189354 0.0188842 0.0112670 0.0188842 0.0150650 0.0150650 0.0000000 0.0188983 0.0227250 0.0227404 0.0188970 0.0188816 0.0227250 0.0227385 0.0227385 0.0313889 0.0305048 0.0227388 0.0266387 0.0266563 0.0266361 0.0188842 0.0188970 0.0150738 0.0151043 0.0354742 0.0151043 0.0189201 0.0227852 0.0188956 0.0227217 0.0266018 0.0227372 0.0266549 0.0150628 0.0150736 0.0150650 0.0189197 0.0188955 0.0265995 0.0150954 0.0188816 0.0188816 0.0227684 0.0150759 0.0112738 0.0266200 0.0305092 0.0188983 0.0266771 0.0150739 0.0189083 0.0227250 0.0189110 0.0227217 0.0227404 0.0188816 0.0150738 0.0188816 0.0188842 0.0266200 0.0227626 0.0188943 0.0266377 
EPI_ISL_20260288 0.0074969 0.0151188 0.0000010 0.0074969 0.0000010 0.0037385 0.0037385 0.0188983 0.0000000 0.0037390 0.0037415 0.0075029 0.0074969 0.0112786 0.0037411 0.0189122 0.0274256 0.0266400 0.0037413 0.0227887 0.0228036 0.0227866 0.0074980 0.0075029 0.0037407 0.0113064 0.0314856 0.0113064 0.0151067 0.0189507 0.0000020 0.0188983 0.0150884 0.0112845 0.0228026 0.0112754 0.0037407 0.0112770 0.0075119 0.0000010 0.0150871 0.0112996 0.0074969 0.0074969 0.0189368 0.0037413 0.0075014 0.0227730 0.0266438 0.0075036 0.0151299 0.0037407 0.0075073 0.0112786 0.0075085 0.0188983 0.0112861 0.0150762 0.0112835 0.0150762 0.0074980 0.0150985 0.0112967 0.0150863 0.0227880 
EPI_ISL_20266559 0.0112686 0.0189381 0.0037363 0.0112686 0.0037363 0.0074924 0.0074924 0.0227250 0.0037390 0.0000000 0.0074984 0.0112777 0.0112686 0.0150692 0.0074978 0.0227417 0.0313935 0.0305092 0.0074980 0.0266425 0.0266601 0.0266399 0.0112702 0.0112777 0.0074969 0.0151064 0.0354794 0.0151064 0.0189228 0.0227885 0.0037385 0.0227250 0.0188997 0.0150772 0.0266587 0.0150650 0.0074969 0.0150671 0.0112910 0.0037385 0.0188980 0.0150975 0.0112686 0.0112686 0.0227717 0.0074980 0.0112754 0.0266239 0.0305136 0.0112786 0.0189521 0.0074969 0.0112844 0.0150692 0.0112861 0.0227250 0.0150793 0.0188842 0.0150759 0.0188842 0.0112702 0.0189124 0.0150936 0.0188970 0.0266415 
EPI_ISL_20266566 0.0112761 0.0189509 0.0037387 0.0112761 0.0037387 0.0074974 0.0074974 0.0227404 0.0037415 0.0074984 0.0000000 0.0112852 0.0112761 0.0150793 0.0075027 0.0227572 0.0314159 0.0305304 0.0075029 0.0266609 0.0266784 0.0266582 0.0112777 0.0112852 0.0075019 0.0151165 0.0355050 0.0151165 0.0189356 0.0228041 0.0037409 0.0227404 0.0189124 0.0150873 0.0266771 0.0150750 0.0037379 0.0150772 0.0075063 0.0037409 0.0189108 0.0151077 0.0112761 0.0112761 0.0227872 0.0075029 0.0112829 0.0266422 0.0305348 0.0112861 0.0189650 0.0075018 0.0112919 0.0150793 0.0112936 0.0227404 0.0150894 0.0188970 0.0150860 0.0188970 0.0112777 0.0189252 0.0112884 0.0189097 0.0227709 
EPI_ISL_20266568 0.0074963 0.0151177 0.0074974 0.0074963 0.0074974 0.0037382 0.0037382 0.0188970 0.0075029 0.0112777 0.0112852 0.0000000 0.0074963 0.0112777 0.0112842 0.0189108 0.0274239 0.0266384 0.0112845 0.0227872 0.0228021 0.0227851 0.0074974 0.0000010 0.0037404 0.0113055 0.0314838 0.0113055 0.0151055 0.0189493 0.0075019 0.0188970 0.0074920 0.0112836 0.0228010 0.0112745 0.0037404 0.0112761 0.0000021 0.0075018 0.0150860 0.0112987 0.0074963 0.0074963 0.0189354 0.0037409 0.0075008 0.0227714 0.0266422 0.0075029 0.0075122 0.0037404 0.0000010 0.0112777 0.0000020 0.0188970 0.0037361 0.0150750 0.0112826 0.0150750 0.0074974 0.0074969 0.0112958 0.0150851 0.0227864 
EPI_ISL_20266581 0.0074903 0.0151054 0.0074914 0.0074903 0.0074914 0.0037352 0.0037352 0.0188816 0.0074969 0.0112686 0.0112761 0.0074963 0.0000000 0.0112686 0.0112751 0.0188954 0.0274005 0.0266162 0.0074969 0.0227684 0.0227833 0.0227663 0.0074914 0.0074963 0.0000020 0.0075107 0.0314567 0.0075107 0.0150933 0.0189338 0.0074959 0.0188816 0.0150750 0.0037376 0.0227822 0.0037347 0.0037374 0.0112670 0.0037418 0.0074958 0.0150738 0.0112896 0.0074903 0.0000010 0.0112895 0.0037380 0.0074948 0.0227527 0.0266200 0.0074969 0.0151165 0.0037374 0.0075007 0.0112686 0.0075019 0.0188816 0.0112761 0.0150628 0.0112735 0.0150628 0.0074914 0.0150851 0.0075046 0.0074952 0.0227677 
EPI_ISL_20289596 0.0112686 0.0189381 0.0112702 0.0112686 0.0112702 0.0074924 0.0074924 0.0227250 0.0112786 0.0150692 0.0150793 0.0112777 0.0112686 0.0000000 0.0150780 0.0227417 0.0234383 0.0227559 0.0150780 0.0266425 0.0266601 0.0189237 0.0112702 0.0112777 0.0074969 0.0151064 0.0274672 0.0151064 0.0189228 0.0227885 0.0112770 0.0227250 0.0188997 0.0150772 0.0266587 0.0150650 0.0074969 0.0150671 0.0112910 0.0112769 0.0188980 0.0150975 0.0112686 0.0112686 0.0227717 0.0074980 0.0112754 0.0189124 0.0227592 0.0112786 0.0189521 0.0074969 0.0112844 0.0150692 0.0112861 0.0227250 0.0150793 0.0188842 0.0150759 0.0188842 0.0037363 0.0189124 0.0150936 0.0188970 0.0266415 
EPI_ISL_20289598 0.0112751 0.0189493 0.0037384 0.0112751 0.0037384 0.0074967 0.0074967 0.0227385 0.0037411 0.0074978 0.0075027 0.0112842 0.0112751 0.0150780 0.0000000 0.0227553 0.0314131 0.0305277 0.0075023 0.0266586 0.0266761 0.0266559 0.0112767 0.0112842 0.0075012 0.0151152 0.0355018 0.0151152 0.0189339 0.0228021 0.0037406 0.0227385 0.0189108 0.0150860 0.0266748 0.0150738 0.0075011 0.0150759 0.0112974 0.0037406 0.0189092 0.0151064 0.0112751 0.0112751 0.0227852 0.0075023 0.0112819 0.0266399 0.0305321 0.0112851 0.0189633 0.0075011 0.0112909 0.0150780 0.0112926 0.0227385 0.0150881 0.0188954 0.0150847 0.0188954 0.0112767 0.0189236 0.0151025 0.0189081 0.0266576 
EPI_ISL_20289600 0.0112751 0.0189493 0.0188980 0.0112751 0.0188980 0.0150759 0.0150759 0.0227385 0.0189122 0.0227417 0.0227572 0.0189108 0.0188954 0.0227417 0.0227553 0.0000000 0.0314131 0.0305277 0.0227555 0.0266586 0.0037429 0.0266559 0.0188980 0.0189108 0.0150847 0.0151152 0.0355018 0.0151152 0.0189339 0.0228021 0.0189094 0.0227385 0.0266216 0.0227540 0.0266748 0.0150738 0.0150846 0.0150759 0.0189336 0.0189093 0.0266193 0.0151064 0.0188954 0.0188954 0.0227852 0.0150868 0.0112819 0.0266399 0.0305321 0.0189121 0.0266970 0.0150849 0.0189221 0.0227417 0.0189249 0.0227385 0.0150881 0.0188954 0.0150847 0.0188954 0.0188980 0.0266399 0.0227795 0.0189081 0.0266576 
EPI_ISL_20289601 0.0194843 0.0274825 0.0274045 0.0194843 0.0274045 0.0234349 0.0234349 0.0313889 0.0274256 0.0313935 0.0314159 0.0274239 0.0274005 0.0234383 0.0314131 0.0314131 0.0000000 0.0077328 0.0314132 0.0354741 0.0354986 0.0038605 0.0274045 0.0274239 0.0234495 0.0234992 0.0037441 0.0234992 0.0274592 0.0314809 0.0274216 0.0313889 0.0354224 0.0314113 0.0354963 0.0234315 0.0234493 0.0234349 0.0274580 0.0274215 0.0354193 0.0234846 0.0274005 0.0274005 0.0314566 0.0234529 0.0194963 0.0038581 0.0077339 0.0274257 0.0355274 0.0234493 0.0274408 0.0313935 0.0274450 0.0313889 0.0314159 0.0274005 0.0234493 0.0274005 0.0194871 0.0354479 0.0314476 0.0274199 0.0354722 
EPI_ISL_20289603 0.0189070 0.0266938 0.0266200 0.0189070 0.0266200 0.0227527 0.0227527 0.0305048 0.0266400 0.0305092 0.0305304 0.0266384 0.0266162 0.0227559 0.0305277 0.0305277 0.0077328 0.0000000 0.0305281 0.0344884 0.0345116 0.0037375 0.0266200 0.0266384 0.0227665 0.0228135 0.0116483 0.0228135 0.0266717 0.0305919 0.0227698 0.0305048 0.0344394 0.0305260 0.0345095 0.0227494 0.0227664 0.0227527 0.0266707 0.0266361 0.0344364 0.0227996 0.0266162 0.0266162 0.0305689 0.0227698 0.0189184 0.0037353 0.0074916 0.0266401 0.0345389 0.0227663 0.0266544 0.0305092 0.0266585 0.0305048 0.0305304 0.0266162 0.0227662 0.0266162 0.0189097 0.0344636 0.0305607 0.0266345 0.0344870 
EPI_ISL_20289607 0.0112754 0.0189495 0.0037385 0.0112754 0.0037385 0.0074969 0.0074969 0.0227388 0.0037413 0.0074980 0.0075029 0.0112845 0.0074969 0.0150780 0.0075023 0.0227555 0.0314132 0.0305281 0.0000000 0.0266588 0.0266764 0.0266562 0.0112770 0.0112845 0.0074969 0.0151067 0.0355018 0.0151067 0.0189342 0.0228024 0.0037399 0.0227388 0.0189110 0.0112845 0.0266750 0.0112754 0.0075013 0.0150759 0.0112912 0.0037407 0.0189094 0.0151064 0.0112754 0.0074969 0.0189367 0.0075025 0.0112821 0.0266401 0.0305324 0.0112852 0.0189636 0.0075014 0.0112912 0.0150780 0.0112926 0.0227388 0.0150881 0.0188956 0.0150847 0.0188956 0.0112770 0.0189238 0.0150937 0.0150860 0.0266577 
EPI_ISL_20289609 0.0150953 0.0228342 0.0227717 0.0150953 0.0227717 0.0189226 0.0189226 0.0266387 0.0227887 0.0266425 0.0266609 0.0227872 0.0227684 0.0266425 0.0266586 0.0266586 0.0354741 0.0344884 0.0266588 0.0000000 0.0306155 0.0305919 0.0227717 0.0227872 0.0189340 0.0189728 0.0395991 0.0189728 0.0228154 0.0267141 0.0227855 0.0266387 0.0305521 0.0266570 0.0000010 0.0189199 0.0189339 0.0189226 0.0228147 0.0227853 0.0305495 0.0189613 0.0227684 0.0227684 0.0266941 0.0189367 0.0151041 0.0305733 0.0344934 0.0227888 0.0306396 0.0189339 0.0228009 0.0266425 0.0228043 0.0266387 0.0266609 0.0227684 0.0189338 0.0150953 0.0227717 0.0305733 0.0266872 0.0227840 0.0305939 
EPI_ISL_20289611 0.0151050 0.0228491 0.0227865 0.0151050 0.0227865 0.0189349 0.0189349 0.0266563 0.0228036 0.0266601 0.0266784 0.0228021 0.0227833 0.0266601 0.0266761 0.0037429 0.0354986 0.0345116 0.0266764 0.0306155 0.0000000 0.0306122 0.0227865 0.0228021 0.0189463 0.0189851 0.0396267 0.0189851 0.0228304 0.0267317 0.0228004 0.0266563 0.0305724 0.0266746 0.0306342 0.0189322 0.0189462 0.0189349 0.0228297 0.0228002 0.0305698 0.0189736 0.0227833 0.0227833 0.0267118 0.0189490 0.0151138 0.0305937 0.0345166 0.0228037 0.0306601 0.0189462 0.0228158 0.0266601 0.0228192 0.0266563 0.0189504 0.0227833 0.0189461 0.0227833 0.0227865 0.0305937 0.0267048 0.0227988 0.0306142 
EPI_ISL_20289613 0.0150941 0.0228321 0.0227696 0.0150941 0.0227696 0.0189210 0.0189210 0.0266361 0.0227866 0.0266399 0.0266582 0.0227851 0.0227663 0.0189237 0.0266559 0.0266559 0.0038605 0.0037375 0.0266562 0.0305919 0.0306122 0.0000000 0.0227696 0.0227851 0.0189324 0.0189712 0.0077544 0.0189712 0.0228133 0.0267114 0.0227834 0.0266361 0.0305489 0.0266544 0.0306105 0.0189183 0.0189323 0.0189210 0.0228126 0.0227833 0.0305462 0.0189597 0.0227663 0.0227663 0.0266915 0.0189351 0.0151029 0.0000010 0.0037380 0.0227867 0.0306363 0.0189323 0.0227988 0.0266399 0.0228022 0.0266361 0.0266582 0.0227663 0.0189322 0.0227663 0.0150962 0.0305701 0.0266845 0.0227819 0.0305906 
EPI_ISL_20289615 0.0074914 0.0151075 0.0074924 0.0074914 0.0074924 0.0037357 0.0037357 0.0188842 0.0074980 0.0112702 0.0112777 0.0074974 0.0074914 0.0112702 0.0112767 0.0188980 0.0274045 0.0266200 0.0112770 0.0227717 0.0227865 0.0227696 0.0000000 0.0074974 0.0037380 0.0112980 0.0314614 0.0112980 0.0150954 0.0189365 0.0074969 0.0188842 0.0150772 0.0112761 0.0227855 0.0112670 0.0037379 0.0112686 0.0075063 0.0074969 0.0150759 0.0112912 0.0074914 0.0074914 0.0189226 0.0000020 0.0074959 0.0227559 0.0266239 0.0074980 0.0151186 0.0037379 0.0075018 0.0112702 0.0075029 0.0188842 0.0112777 0.0150650 0.0112751 0.0150650 0.0074924 0.0150873 0.0112884 0.0150750 0.0227709 
EPI_ISL_20289621 0.0074963 0.0151177 0.0074974 0.0074963 0.0074974 0.0037382 0.0037382 0.0188970 0.0075029 0.0112777 0.0112852 0.0000010 0.0074963 0.0112777 0.0112842 0.0189108 0.0274239 0.0266384 0.0112845 0.0227872 0.0228021 0.0227851 0.0074974 0.0000000 0.0037404 0.0113055 0.0314838 0.0113055 0.0151055 0.0189493 0.0075019 0.0188970 0.0074920 0.0112836 0.0228010 0.0112745 0.0037404 0.0112761 0.0000021 0.0075018 0.0150860 0.0112987 0.0074963 0.0074963 0.0189354 0.0037409 0.0075008 0.0227714 0.0266422 0.0075029 0.0075122 0.0037404 0.0000010 0.0112777 0.0000020 0.0188970 0.0037361 0.0150750 0.0112826 0.0150750 0.0074974 0.0074969 0.0112958 0.0150851 0.0227864 
EPI_ISL_20289623 0.0037374 0.0113054 0.0037380 0.0037374 0.0037380 0.0000020 0.0000020 0.0150738 0.0037407 0.0074969 0.0075019 0.0037404 0.0000020 0.0074969 0.0075012 0.0150847 0.0234495 0.0227665 0.0074969 0.0189340 0.0189463 0.0189324 0.0037380 0.0037404 0.0000000 0.0075107 0.0274804 0.0075107 0.0112964 0.0151151 0.0037394 0.0150738 0.0112829 0.0037404 0.0189455 0.0037374 0.0000021 0.0074959 0.0037426 0.0037402 0.0112819 0.0075107 0.0037374 0.0000020 0.0112979 0.0000021 0.0037389 0.0189211 0.0227698 0.0037399 0.0113136 0.0000020 0.0037426 0.0074969 0.0037424 0.0150738 0.0075019 0.0112738 0.0075002 0.0112738 0.0037380 0.0112904 0.0075046 0.0075008 0.0189336 
EPI_ISL_20289640 0.0037448 0.0113281 0.0112980 0.0037448 0.0112980 0.0075107 0.0075107 0.0151043 0.0113064 0.0151064 0.0151165 0.0113055 0.0075107 0.0151064 0.0151152 0.0151152 0.0234992 0.0228135 0.0151067 0.0189728 0.0189851 0.0189712 0.0112980 0.0113055 0.0075107 0.0000000 0.0275393 0.0000010 0.0037370 0.0151458 0.0113044 0.0151043 0.0189470 0.0113055 0.0189843 0.0037448 0.0075152 0.0075107 0.0113122 0.0113047 0.0189454 0.0000020 0.0112964 0.0075107 0.0113205 0.0075163 0.0000021 0.0189598 0.0228168 0.0113060 0.0189997 0.0075152 0.0113122 0.0151064 0.0113134 0.0151043 0.0151165 0.0112964 0.0075150 0.0112964 0.0112980 0.0189598 0.0151221 0.0075157 0.0189723 
EPI_ISL_20289648 0.0234846 0.0315519 0.0314614 0.0234846 0.0314614 0.0274632 0.0274632 0.0354742 0.0314856 0.0354794 0.0355050 0.0314838 0.0314567 0.0274672 0.0355018 0.0355018 0.0037441 0.0116483 0.0355018 0.0395991 0.0396267 0.0077544 0.0314614 0.0314838 0.0274804 0.0275393 0.0000000 0.0275393 0.0315248 0.0355794 0.0314811 0.0354742 0.0395406 0.0354997 0.0396239 0.0274592 0.0274802 0.0274632 0.0315231 0.0314809 0.0395371 0.0275221 0.0314567 0.0314567 0.0355517 0.0274844 0.0234992 0.0077497 0.0116500 0.0314857 0.0396591 0.0274802 0.0315034 0.0354794 0.0315082 0.0354742 0.0355050 0.0314567 0.0274802 0.0314567 0.0234880 0.0395693 0.0355411 0.0314792 0.0395967 
EPI_ISL_20289658 0.0037448 0.0113281 0.0112980 0.0037448 0.0112980 0.0075107 0.0075107 0.0151043 0.0113064 0.0151064 0.0151165 0.0113055 0.0075107 0.0151064 0.0151152 0.0151152 0.0234992 0.0228135 0.0151067 0.0189728 0.0189851 0.0189712 0.0112980 0.0113055 0.0075107 0.0000010 0.0275393 0.0000000 0.0037370 0.0151458 0.0113044 0.0151043 0.0189470 0.0113055 0.0189843 0.0037448 0.0075152 0.0075107 0.0113122 0.0113047 0.0189454 0.0000020 0.0112964 0.0075107 0.0113205 0.0075163 0.0000021 0.0189598 0.0228168 0.0113060 0.0189997 0.0075152 0.0113122 0.0151064 0.0113134 0.0151043 0.0151165 0.0112964 0.0075150 0.0112964 0.0112980 0.0189598 0.0151221 0.0075157 0.0189723 
EPI_ISL_20289660 0.0075052 0.0151360 0.0150954 0.0075052 0.0150954 0.0112896 0.0112896 0.0189201 0.0151067 0.0189228 0.0189356 0.0151055 0.0150933 0.0189228 0.0189339 0.0189339 0.0274592 0.0266717 0.0189342 0.0228154 0.0228304 0.0228133 0.0150954 0.0151055 0.0112964 0.0037370 0.0315248 0.0037370 0.0000000 0.0189725 0.0151043 0.0189201 0.0227841 0.0189329 0.0228293 0.0112880 0.0112963 0.0112896 0.0151234 0.0151044 0.0227821 0.0037347 0.0150933 0.0150933 0.0189586 0.0112980 0.0037369 0.0227996 0.0266755 0.0151064 0.0228481 0.0112963 0.0151145 0.0189228 0.0151165 0.0189201 0.0189356 0.0150933 0.0112961 0.0150933 0.0150954 0.0227996 0.0189541 0.0151034 0.0228147 
EPI_ISL_20289664 0.0112976 0.0189880 0.0189365 0.0112976 0.0189365 0.0151062 0.0151062 0.0227852 0.0189507 0.0227885 0.0228041 0.0189493 0.0189338 0.0227885 0.0228021 0.0228021 0.0314809 0.0305919 0.0228024 0.0267141 0.0267317 0.0267114 0.0189365 0.0189493 0.0151151 0.0151458 0.0355794 0.0151458 0.0189725 0.0000000 0.0189479 0.0227852 0.0266769 0.0228008 0.0267304 0.0151041 0.0151150 0.0151062 0.0189722 0.0189478 0.0266746 0.0151368 0.0189338 0.0189338 0.0228322 0.0151173 0.0113044 0.0266953 0.0305963 0.0189506 0.0267526 0.0151152 0.0189607 0.0227885 0.0189635 0.0227852 0.0228041 0.0189338 0.0151151 0.0189338 0.0189365 0.0266953 0.0228264 0.0189466 0.0267131 
EPI_ISL_20289667 0.0074959 0.0151164 0.0000020 0.0074959 0.0000020 0.0037380 0.0037380 0.0188956 0.0000020 0.0037385 0.0037409 0.0075019 0.0074959 0.0112770 0.0037406 0.0189094 0.0274216 0.0227698 0.0037399 0.0227855 0.0228004 0.0227834 0.0074969 0.0075019 0.0037394 0.0113044 0.0314811 0.0113044 0.0151043 0.0189479 0.0000000 0.0188956 0.0150860 0.0112829 0.0227993 0.0112738 0.0037394 0.0112754 0.0075107 0.0000020 0.0150847 0.0112980 0.0074959 0.0074959 0.0189340 0.0037399 0.0075004 0.0227698 0.0266401 0.0075025 0.0151275 0.0037402 0.0075063 0.0112770 0.0075074 0.0188956 0.0112845 0.0150738 0.0112819 0.0150738 0.0074969 0.0150961 0.0112954 0.0150838 0.0227847 
EPI_ISL_20289669 0.0112670 0.0189354 0.0188842 0.0112670 0.0188842 0.0150650 0.0150650 0.0227217 0.0188983 0.0227250 0.0227404 0.0188970 0.0188816 0.0227250 0.0227385 0.0227385 0.0313889 0.0305048 0.0227388 0.0266387 0.0266563 0.0266361 0.0188842 0.0188970 0.0150738 0.0151043 0.0354742 0.0151043 0.0189201 0.0227852 0.0188956 0.0000000 0.0188970 0.0227372 0.0266549 0.0150628 0.0150736 0.0150650 0.0189197 0.0188955 0.0188954 0.0150954 0.0188816 0.0188816 0.0227684 0.0150759 0.0112738 0.0266200 0.0305092 0.0150759 0.0266771 0.0150739 0.0189083 0.0227250 0.0150860 0.0074914 0.0227404 0.0037352 0.0150738 0.0188816 0.0188842 0.0266200 0.0227626 0.0188943 0.0266377 
EPI_ISL_20289671 0.0150750 0.0228028 0.0150772 0.0150750 0.0150772 0.0112761 0.0112761 0.0266018 0.0150884 0.0188997 0.0189124 0.0074920 0.0150750 0.0188997 0.0189108 0.0266216 0.0354224 0.0344394 0.0189110 0.0305521 0.0305724 0.0305489 0.0150772 0.0074920 0.0112829 0.0189470 0.0395406 0.0189470 0.0227841 0.0266769 0.0150860 0.0188970 0.0000000 0.0189097 0.0305707 0.0188943 0.0112828 0.0188970 0.0075009 0.0150861 0.0227540 0.0189356 0.0150750 0.0150750 0.0266570 0.0112845 0.0150838 0.0305304 0.0344444 0.0150881 0.0151077 0.0112828 0.0074964 0.0188997 0.0074976 0.0188970 0.0112696 0.0150750 0.0189081 0.0227372 0.0150772 0.0150763 0.0189309 0.0227527 0.0305509 
EPI_ISL_20289675 0.0112745 0.0189482 0.0112761 0.0112745 0.0112761 0.0074963 0.0074963 0.0227372 0.0112845 0.0150772 0.0150873 0.0112836 0.0037376 0.0150772 0.0150860 0.0227540 0.0314113 0.0305260 0.0112845 0.0266570 0.0266746 0.0266544 0.0112761 0.0112836 0.0037404 0.0113055 0.0354997 0.0113055 0.0189329 0.0228008 0.0112829 0.0227372 0.0189097 0.0000000 0.0266732 0.0074952 0.0075007 0.0150750 0.0075112 0.0112828 0.0189081 0.0151055 0.0112745 0.0037376 0.0151054 0.0075019 0.0112813 0.0266384 0.0305304 0.0112845 0.0189623 0.0075007 0.0112903 0.0150772 0.0112920 0.0227372 0.0150873 0.0188943 0.0150838 0.0188943 0.0112761 0.0189225 0.0112958 0.0112820 0.0266560 
EPI_ISL_20289717 0.0151044 0.0228480 0.0227855 0.0151044 0.0227855 0.0189341 0.0189341 0.0266549 0.0228026 0.0266587 0.0266771 0.0228010 0.0227822 0.0266587 0.0266748 0.0266748 0.0354963 0.0345095 0.0266750 0.0000010 0.0306342 0.0306105 0.0227855 0.0228010 0.0189455 0.0189843 0.0396239 0.0189843 0.0228293 0.0267304 0.0227993 0.0266549 0.0305707 0.0266732 0.0000000 0.0189314 0.0189454 0.0189341 0.0228286 0.0227992 0.0305681 0.0189728 0.0227822 0.0227822 0.0267104 0.0189482 0.0151133 0.0305920 0.0345145 0.0228026 0.0306583 0.0189454 0.0228147 0.0266587 0.0228182 0.0266549 0.0266771 0.0227822 0.0189453 0.0151044 0.0227855 0.0305920 0.0267034 0.0227978 0.0306125 
EPI_ISL_20289719 0.0037347 0.0112970 0.0112670 0.0037347 0.0112670 0.0074903 0.0074903 0.0150628 0.0112754 0.0150650 0.0150750 0.0112745 0.0037347 0.0150650 0.0150738 0.0150738 0.0234315 0.0227494 0.0112754 0.0189199 0.0189322 0.0189183 0.0112670 0.0112745 0.0037374 0.0037448 0.0274592 0.0037448 0.0112880 0.0151041 0.0112738 0.0150628 0.0188943 0.0074952 0.0189314 0.0000000 0.0074947 0.0074903 0.0075052 0.0112737 0.0188927 0.0075052 0.0112654 0.0037347 0.0075051 0.0074959 0.0037369 0.0189070 0.0227527 0.0112754 0.0189467 0.0074947 0.0112812 0.0150650 0.0112829 0.0150628 0.0150750 0.0112654 0.0074946 0.0112654 0.0112670 0.0189070 0.0112868 0.0037371 0.0189194 
EPI_ISL_20289721 0.0037374 0.0113053 0.0037379 0.0037374 0.0037379 0.0000020 0.0000020 0.0150736 0.0037407 0.0074969 0.0037379 0.0037404 0.0037374 0.0074969 0.0075011 0.0150846 0.0234493 0.0227664 0.0075013 0.0189339 0.0189462 0.0189323 0.0037379 0.0037404 0.0000021 0.0075152 0.0274802 0.0075152 0.0112963 0.0151150 0.0037394 0.0150736 0.0112828 0.0075007 0.0189454 0.0074947 0.0000000 0.0074958 0.0037418 0.0037401 0.0112818 0.0075107 0.0037374 0.0037374 0.0151040 0.0000021 0.0037388 0.0189210 0.0227696 0.0037399 0.0113135 0.0000020 0.0037426 0.0074969 0.0037424 0.0150736 0.0075018 0.0112737 0.0075001 0.0112737 0.0037379 0.0112903 0.0075046 0.0112812 0.0189221 
EPI_ISL_20289728 0.0037352 0.0112986 0.0112686 0.0037352 0.0112686 0.0074914 0.0074914 0.0150650 0.0112770 0.0150671 0.0150772 0.0112761 0.0112670 0.0150671 0.0150759 0.0150759 0.0234349 0.0227527 0.0150759 0.0189226 0.0189349 0.0189210 0.0112686 0.0112761 0.0074959 0.0075107 0.0274632 0.0075107 0.0112896 0.0151062 0.0112754 0.0150650 0.0188970 0.0150750 0.0189341 0.0074903 0.0074958 0.0000000 0.0112894 0.0112753 0.0188954 0.0075062 0.0112670 0.0112670 0.0150953 0.0074969 0.0037374 0.0189097 0.0227559 0.0112770 0.0189494 0.0074958 0.0112828 0.0150671 0.0112845 0.0150650 0.0150772 0.0112670 0.0074957 0.0112670 0.0112686 0.0189097 0.0150915 0.0112745 0.0189221 
EPI_ISL_20289730 0.0075052 0.0151356 0.0075063 0.0075052 0.0075063 0.0037418 0.0037418 0.0189197 0.0075119 0.0112910 0.0075063 0.0000021 0.0037418 0.0112910 0.0112974 0.0189336 0.0274580 0.0266707 0.0112912 0.0228147 0.0228297 0.0228126 0.0075063 0.0000021 0.0037426 0.0113122 0.0315231 0.0113122 0.0151234 0.0189722 0.0075107 0.0189197 0.0075009 0.0075112 0.0228286 0.0075052 0.0037418 0.0112894 0.0000000 0.0075107 0.0151038 0.0113118 0.0075052 0.0037418 0.0151254 0.0037454 0.0075096 0.0227989 0.0266746 0.0075117 0.0075212 0.0037441 0.0000021 0.0112910 0.0000026 0.0189197 0.0037397 0.0150928 0.0112958 0.0150928 0.0075063 0.0075059 0.0112961 0.0112968 0.0228002 
EPI_ISL_20289732 0.0074958 0.0151165 0.0000010 0.0074958 0.0000010 0.0037379 0.0037379 0.0188955 0.0000010 0.0037385 0.0037409 0.0075018 0.0074958 0.0112769 0.0037406 0.0189093 0.0274215 0.0266361 0.0037407 0.0227853 0.0228002 0.0227833 0.0074969 0.0075018 0.0037402 0.0113047 0.0314809 0.0113047 0.0151044 0.0189478 0.0000020 0.0188955 0.0150861 0.0112828 0.0227992 0.0112737 0.0037401 0.0112753 0.0075107 0.0000000 0.0150849 0.0112979 0.0074958 0.0074958 0.0189339 0.0037407 0.0075003 0.0227696 0.0266399 0.0075024 0.0151277 0.0037379 0.0075018 0.0112769 0.0075073 0.0188955 0.0112844 0.0150739 0.0112818 0.0150739 0.0074969 0.0150962 0.0112951 0.0150840 0.0227846 
EPI_ISL_20289735 0.0150738 0.0228008 0.0150759 0.0150738 0.0150759 0.0112751 0.0112751 0.0265995 0.0150871 0.0188980 0.0189108 0.0150860 0.0150738 0.0188980 0.0189092 0.0266193 0.0354193 0.0344364 0.0189094 0.0305495 0.0305698 0.0305462 0.0150759 0.0150860 0.0112819 0.0189454 0.0395371 0.0189454 0.0227821 0.0266746 0.0150847 0.0188954 0.0227540 0.0189081 0.0305681 0.0188927 0.0112818 0.0188954 0.0151038 0.0150849 0.0000000 0.0189339 0.0150738 0.0150738 0.0266547 0.0112835 0.0150826 0.0305277 0.0344414 0.0112835 0.0228178 0.0112818 0.0150950 0.0188980 0.0112910 0.0265995 0.0189108 0.0227353 0.0189065 0.0227353 0.0150759 0.0227695 0.0037385 0.0227507 0.0305482 
EPI_ISL_20289737 0.0037425 0.0113212 0.0112912 0.0037425 0.0112912 0.0075062 0.0075062 0.0150954 0.0112996 0.0150975 0.0151077 0.0112987 0.0112896 0.0150975 0.0151064 0.0151064 0.0234846 0.0227996 0.0151064 0.0189613 0.0189736 0.0189597 0.0112912 0.0112987 0.0075107 0.0000020 0.0275221 0.0000020 0.0037347 0.0151368 0.0112980 0.0150954 0.0189356 0.0151055 0.0189728 0.0075052 0.0075107 0.0075062 0.0113118 0.0112979 0.0189339 0.0000000 0.0112896 0.0112896 0.0151258 0.0075118 0.0000020 0.0189484 0.0228029 0.0112996 0.0189882 0.0075107 0.0113054 0.0150975 0.0113071 0.0150954 0.0151077 0.0112896 0.0075105 0.0112896 0.0112912 0.0189484 0.0151221 0.0112971 0.0189607 
EPI_ISL_20289740 0.0074903 0.0151054 0.0074914 0.0074903 0.0074914 0.0037352 0.0037352 0.0188816 0.0074969 0.0112686 0.0112761 0.0074963 0.0074903 0.0112686 0.0112751 0.0188954 0.0274005 0.0266162 0.0112754 0.0227684 0.0227833 0.0227663 0.0074914 0.0074963 0.0037374 0.0112964 0.0314567 0.0112964 0.0150933 0.0189338 0.0074959 0.0188816 0.0150750 0.0112745 0.0227822 0.0112654 0.0037374 0.0112670 0.0075052 0.0074958 0.0150738 0.0112896 0.0000000 0.0074903 0.0189199 0.0037380 0.0074948 0.0227527 0.0266200 0.0074969 0.0151165 0.0037374 0.0075007 0.0112686 0.0075019 0.0188816 0.0112761 0.0150628 0.0112735 0.0150628 0.0074914 0.0150851 0.0112868 0.0150729 0.0227677 
EPI_ISL_20289745 0.0074903 0.0151054 0.0074914 0.0074903 0.0074914 0.0037352 0.0037352 0.0188816 0.0074969 0.0112686 0.0112761 0.0074963 0.0000010 0.0112686 0.0112751 0.0188954 0.0274005 0.0266162 0.0074969 0.0227684 0.0227833 0.0227663 0.0074914 0.0074963 0.0000020 0.0075107 0.0314567 0.0075107 0.0150933 0.0189338 0.0074959 0.0188816 0.0150750 0.0037376 0.0227822 0.0037347 0.0037374 0.0112670 0.0037418 0.0074958 0.0150738 0.0112896 0.0074903 0.0000000 0.0112895 0.0037380 0.0074948 0.0227527 0.0266200 0.0074969 0.0151165 0.0037374 0.0075007 0.0112686 0.0075019 0.0188816 0.0112761 0.0150628 0.0112735 0.0150628 0.0074914 0.0150851 0.0075046 0.0074952 0.0227677 
EPI_ISL_20289747 0.0112895 0.0189740 0.0189226 0.0112895 0.0189226 0.0150953 0.0150953 0.0227684 0.0189368 0.0227717 0.0227872 0.0189354 0.0112895 0.0227717 0.0227852 0.0227852 0.0314566 0.0305689 0.0189367 0.0266941 0.0267118 0.0266915 0.0189226 0.0189354 0.0112979 0.0113205 0.0355517 0.0113205 0.0189586 0.0228322 0.0189340 0.0227684 0.0266570 0.0151054 0.0267104 0.0075051 0.0151040 0.0150953 0.0151254 0.0189339 0.0266547 0.0151258 0.0189199 0.0112895 0.0000000 0.0151063 0.0112963 0.0266754 0.0305733 0.0189367 0.0267326 0.0151043 0.0189468 0.0150974 0.0189495 0.0227684 0.0227872 0.0189199 0.0151041 0.0189199 0.0189226 0.0266754 0.0189566 0.0112970 0.0189606 
EPI_ISL_20289754 0.0037380 0.0113070 0.0037385 0.0037380 0.0037385 0.0000020 0.0000020 0.0150759 0.0037413 0.0074980 0.0075029 0.0037409 0.0037380 0.0074980 0.0075023 0.0150868 0.0234529 0.0227698 0.0075025 0.0189367 0.0189490 0.0189351 0.0000020 0.0037409 0.0000021 0.0075163 0.0274844 0.0075163 0.0112980 0.0151173 0.0037399 0.0150759 0.0112845 0.0075019 0.0189482 0.0074959 0.0000021 0.0074969 0.0037454 0.0037407 0.0112835 0.0075118 0.0037380 0.0037380 0.0151063 0.0000000 0.0037394 0.0189238 0.0227730 0.0037405 0.0113152 0.0000020 0.0037431 0.0074980 0.0037430 0.0150759 0.0075029 0.0112754 0.0075012 0.0112754 0.0037385 0.0112920 0.0075100 0.0112829 0.0189363 
EPI_ISL_20289756 0.0000020 0.0075156 0.0074959 0.0000020 0.0074959 0.0037374 0.0037374 0.0112738 0.0075014 0.0112754 0.0112829 0.0075008 0.0074948 0.0112754 0.0112819 0.0112819 0.0194963 0.0189184 0.0112821 0.0151041 0.0151138 0.0151029 0.0074959 0.0075008 0.0037389 0.0000021 0.0234992 0.0000021 0.0037369 0.0113044 0.0075004 0.0112738 0.0150838 0.0112813 0.0151133 0.0037369 0.0037388 0.0037374 0.0075096 0.0075003 0.0150826 0.0000020 0.0074948 0.0074948 0.0112963 0.0037394 0.0000000 0.0150940 0.0189211 0.0075014 0.0151254 0.0037396 0.0075052 0.0112754 0.0075064 0.0112738 0.0112829 0.0074948 0.0037396 0.0074948 0.0074959 0.0150940 0.0112938 0.0074997 0.0151038 
EPI_ISL_20292429 0.0150851 0.0228183 0.0227559 0.0150851 0.0227559 0.0189097 0.0189097 0.0266200 0.0227730 0.0266239 0.0266422 0.0227714 0.0227527 0.0189124 0.0266399 0.0266399 0.0038581 0.0037353 0.0266401 0.0305733 0.0305937 0.0000010 0.0227559 0.0227714 0.0189211 0.0189598 0.0077497 0.0189598 0.0227996 0.0266953 0.0227698 0.0266200 0.0305304 0.0266384 0.0305920 0.0189070 0.0189210 0.0189097 0.0227989 0.0227696 0.0305277 0.0189484 0.0227527 0.0227527 0.0266754 0.0189238 0.0150940 0.0000000 0.0037358 0.0227730 0.0306178 0.0189210 0.0227851 0.0266239 0.0227885 0.0266200 0.0266422 0.0227527 0.0189209 0.0227527 0.0150873 0.0305516 0.0266685 0.0227682 0.0305721 
EPI_ISL_20292433 0.0189097 0.0266976 0.0266239 0.0189097 0.0266239 0.0227559 0.0227559 0.0305092 0.0266438 0.0305136 0.0305348 0.0266422 0.0266200 0.0227592 0.0305321 0.0305321 0.0077339 0.0074916 0.0305324 0.0344934 0.0345166 0.0037380 0.0266239 0.0266422 0.0227698 0.0228168 0.0116500 0.0228168 0.0266755 0.0305963 0.0266401 0.0305092 0.0344444 0.0305304 0.0345145 0.0227527 0.0227696 0.0227559 0.0266746 0.0266399 0.0344414 0.0228029 0.0266200 0.0266200 0.0305733 0.0227730 0.0189211 0.0037358 0.0000000 0.0266440 0.0345439 0.0227696 0.0266582 0.0305136 0.0266623 0.0305092 0.0305348 0.0266200 0.0227695 0.0266200 0.0189124 0.0344685 0.0305651 0.0266384 0.0344920 
EPI_ISL_20292435 0.0074969 0.0151186 0.0074980 0.0074969 0.0074980 0.0037385 0.0037385 0.0188983 0.0075036 0.0112786 0.0112861 0.0075029 0.0074969 0.0112786 0.0112851 0.0189121 0.0274257 0.0266401 0.0112852 0.0227888 0.0228037 0.0227867 0.0074980 0.0075029 0.0037399 0.0113060 0.0314857 0.0113060 0.0151064 0.0189506 0.0075025 0.0150759 0.0150881 0.0112845 0.0228026 0.0112754 0.0037399 0.0112770 0.0075117 0.0075024 0.0112835 0.0112996 0.0074969 0.0074969 0.0189367 0.0037405 0.0075014 0.0227730 0.0266440 0.0000000 0.0151297 0.0037407 0.0075073 0.0112786 0.0075029 0.0188983 0.0112861 0.0150759 0.0112835 0.0150759 0.0074980 0.0150982 0.0112970 0.0150860 0.0227879 
EPI_ISL_20292436 0.0151165 0.0228669 0.0151186 0.0151165 0.0151186 0.0113068 0.0113068 0.0266771 0.0151299 0.0189521 0.0189650 0.0075122 0.0151165 0.0189521 0.0189633 0.0266970 0.0355274 0.0345389 0.0189636 0.0306396 0.0306601 0.0306363 0.0151186 0.0075122 0.0113136 0.0189997 0.0396591 0.0189997 0.0228481 0.0267526 0.0151275 0.0266771 0.0151077 0.0189623 0.0306583 0.0189467 0.0113135 0.0189494 0.0075212 0.0151277 0.0228178 0.0189882 0.0151165 0.0151165 0.0267326 0.0113152 0.0151254 0.0306178 0.0345439 0.0151297 0.0000000 0.0113135 0.0075167 0.0189521 0.0075178 0.0266771 0.0113003 0.0228009 0.0189606 0.0194825 0.0151186 0.0151178 0.0189836 0.0228165 0.0306383 
EPI_ISL_20292440 0.0037374 0.0113053 0.0037379 0.0037374 0.0037379 0.0000010 0.0000010 0.0150739 0.0037407 0.0074969 0.0075018 0.0037404 0.0037374 0.0074969 0.0075011 0.0150849 0.0234493 0.0227663 0.0075014 0.0189339 0.0189462 0.0189323 0.0037379 0.0037404 0.0000020 0.0075152 0.0274802 0.0075152 0.0112963 0.0151152 0.0037402 0.0150739 0.0112828 0.0075007 0.0189454 0.0074947 0.0000020 0.0074958 0.0037441 0.0037379 0.0112818 0.0075107 0.0037374 0.0037374 0.0151043 0.0000020 0.0037396 0.0189210 0.0227696 0.0037407 0.0113135 0.0000000 0.0037404 0.0074969 0.0037431 0.0150739 0.0075018 0.0112737 0.0075001 0.0112737 0.0037379 0.0112903 0.0075090 0.0112812 0.0189334 
EPI_ISL_20292442 0.0075007 0.0151267 0.0075018 0.0075007 0.0075018 0.0037404 0.0037404 0.0189083 0.0075073 0.0112844 0.0112919 0.0000010 0.0075007 0.0112844 0.0112909 0.0189221 0.0274408 0.0266544 0.0112912 0.0228009 0.0228158 0.0227988 0.0075018 0.0000010 0.0037426 0.0113122 0.0315034 0.0113122 0.0151145 0.0189607 0.0075063 0.0189083 0.0074964 0.0112903 0.0228147 0.0112812 0.0037426 0.0112828 0.0000021 0.0075018 0.0150950 0.0113054 0.0075007 0.0075007 0.0189468 0.0037431 0.0075052 0.0227851 0.0266582 0.0075073 0.0075167 0.0037404 0.0000000 0.0112844 0.0000020 0.0189083 0.0037382 0.0150840 0.0112893 0.0150840 0.0075018 0.0075014 0.0113025 0.0150941 0.0228001 
EPI_ISL_20292443 0.0112686 0.0189381 0.0112702 0.0112686 0.0112702 0.0074924 0.0074924 0.0227250 0.0112786 0.0150692 0.0150793 0.0112777 0.0112686 0.0150692 0.0150780 0.0227417 0.0313935 0.0305092 0.0150780 0.0266425 0.0266601 0.0266399 0.0112702 0.0112777 0.0074969 0.0151064 0.0354794 0.0151064 0.0189228 0.0227885 0.0112770 0.0227250 0.0188997 0.0150772 0.0266587 0.0150650 0.0074969 0.0150671 0.0112910 0.0112769 0.0188980 0.0150975 0.0112686 0.0112686 0.0150974 0.0074980 0.0112754 0.0266239 0.0305136 0.0112786 0.0189521 0.0074969 0.0112844 0.0000000 0.0112861 0.0227250 0.0150793 0.0188842 0.0150759 0.0188842 0.0112702 0.0189124 0.0150936 0.0188970 0.0189247 
EPI_ISL_20292445 0.0075019 0.0151287 0.0075029 0.0075019 0.0075029 0.0037409 0.0037409 0.0189110 0.0075085 0.0112861 0.0112936 0.0000020 0.0075019 0.0112861 0.0112926 0.0189249 0.0274450 0.0266585 0.0112926 0.0228043 0.0228192 0.0228022 0.0075029 0.0000020 0.0037424 0.0113134 0.0315082 0.0113134 0.0151165 0.0189635 0.0075074 0.0150860 0.0074976 0.0112920 0.0228182 0.0112829 0.0037424 0.0112845 0.0000026 0.0075073 0.0112910 0.0113071 0.0075019 0.0075019 0.0189495 0.0037430 0.0075064 0.0227885 0.0266623 0.0075029 0.0075178 0.0037431 0.0000020 0.0112861 0.0000000 0.0189110 0.0037388 0.0150860 0.0112910 0.0150860 0.0075029 0.0075025 0.0113045 0.0150961 0.0228035 
EPI_ISL_20292446 0.0112670 0.0189354 0.0188842 0.0112670 0.0188842 0.0150650 0.0150650 0.0227217 0.0188983 0.0227250 0.0227404 0.0188970 0.0188816 0.0227250 0.0227385 0.0227385 0.0313889 0.0305048 0.0227388 0.0266387 0.0266563 0.0266361 0.0188842 0.0188970 0.0150738 0.0151043 0.0354742 0.0151043 0.0189201 0.0227852 0.0188956 0.0074914 0.0188970 0.0227372 0.0266549 0.0150628 0.0150736 0.0150650 0.0189197 0.0188955 0.0265995 0.0150954 0.0188816 0.0188816 0.0227684 0.0150759 0.0112738 0.0266200 0.0305092 0.0188983 0.0266771 0.0150739 0.0189083 0.0227250 0.0189110 0.0000000 0.0227404 0.0037352 0.0150738 0.0188816 0.0188842 0.0266200 0.0227626 0.0188943 0.0266377 
EPI_ISL_20292447 0.0112761 0.0189509 0.0112777 0.0112761 0.0112777 0.0074974 0.0074974 0.0227404 0.0112861 0.0150793 0.0150894 0.0037361 0.0112761 0.0150793 0.0150881 0.0150881 0.0314159 0.0305304 0.0150881 0.0266609 0.0189504 0.0266582 0.0112777 0.0037361 0.0075019 0.0151165 0.0355050 0.0151165 0.0189356 0.0228041 0.0112845 0.0227404 0.0112696 0.0150873 0.0266771 0.0150750 0.0075018 0.0150772 0.0037397 0.0112844 0.0189108 0.0151077 0.0112761 0.0112761 0.0227872 0.0075029 0.0112829 0.0266422 0.0305348 0.0112861 0.0113003 0.0075018 0.0037382 0.0150793 0.0037388 0.0227404 0.0000000 0.0188970 0.0150860 0.0188970 0.0112777 0.0112770 0.0151038 0.0189097 0.0266599 
EPI_ISL_20292448 0.0074903 0.0151054 0.0150650 0.0074903 0.0150650 0.0112670 0.0112670 0.0188816 0.0150762 0.0188842 0.0188970 0.0150750 0.0150628 0.0188842 0.0188954 0.0188954 0.0274005 0.0266162 0.0188956 0.0227684 0.0227833 0.0227663 0.0150650 0.0150750 0.0112738 0.0112964 0.0314567 0.0112964 0.0150933 0.0189338 0.0150738 0.0037352 0.0150750 0.0188943 0.0227822 0.0112654 0.0112737 0.0112670 0.0150928 0.0150739 0.0227353 0.0112896 0.0150628 0.0150628 0.0189199 0.0112754 0.0074948 0.0227527 0.0266200 0.0150759 0.0228009 0.0112737 0.0150840 0.0188842 0.0150860 0.0037352 0.0188970 0.0000000 0.0112735 0.0150628 0.0150650 0.0227527 0.0189154 0.0150729 0.0227677 
EPI_ISL_20292449 0.0037373 0.0113051 0.0112751 0.0037373 0.0112751 0.0074957 0.0074957 0.0150738 0.0112835 0.0150759 0.0150860 0.0112826 0.0112735 0.0150759 0.0150847 0.0150847 0.0234493 0.0227662 0.0150847 0.0189338 0.0189461 0.0189322 0.0112751 0.0112826 0.0075002 0.0075150 0.0274802 0.0075150 0.0112961 0.0151151 0.0112819 0.0150738 0.0189081 0.0150838 0.0189453 0.0074946 0.0075001 0.0074957 0.0112958 0.0112818 0.0189065 0.0075105 0.0112735 0.0112735 0.0151041 0.0075012 0.0037396 0.0189209 0.0227695 0.0112835 0.0189606 0.0075001 0.0112893 0.0150759 0.0112910 0.0150738 0.0150860 0.0112735 0.0000000 0.0112735 0.0112751 0.0189209 0.0151003 0.0112810 0.0189332 
