32
EPI_ISL_20244506 0.0000000 0.0006053 0.0006056 0.0006053 0.0006053 0.0006056 0.0012117 0.0006060 0.0006053 0.0012127 0.0012116 0.0018186 0.0006053 0.0012113 0.0042511 0.0042532 0.0042511 0.0042532 0.0006063 0.0000010 0.0000010 0.0018209 0.0018198 0.0012113 0.0012113 0.0054742 0.0018190 0.0018198 0.0048624 0.0006060 0.0006053 0.0018186 
EPI_ISL_20244507 0.0006053 0.0000000 0.0000010 0.0000010 0.0012113 0.0000010 0.0006049 0.0012128 0.0012107 0.0006055 0.0006049 0.0012107 0.0012113 0.0006048 0.0036402 0.0036420 0.0036402 0.0036420 0.0000010 0.0006053 0.0006049 0.0012123 0.0012115 0.0006048 0.0006048 0.0048605 0.0012109 0.0012115 0.0042490 0.0012122 0.0012107 0.0012107 
EPI_ISL_20244508 0.0006056 0.0000010 0.0000000 0.0000010 0.0012120 0.0000010 0.0006053 0.0012135 0.0012113 0.0006058 0.0006052 0.0012113 0.0012120 0.0006051 0.0036420 0.0036438 0.0036420 0.0036438 0.0000010 0.0006056 0.0006053 0.0012129 0.0012121 0.0006051 0.0006051 0.0048629 0.0012116 0.0012121 0.0042511 0.0012128 0.0012113 0.0012113 
EPI_ISL_20244509 0.0006053 0.0000010 0.0000010 0.0000000 0.0012113 0.0000010 0.0006049 0.0012128 0.0012107 0.0006055 0.0006049 0.0012107 0.0012113 0.0006048 0.0036402 0.0036420 0.0036402 0.0036420 0.0000010 0.0006053 0.0006049 0.0012123 0.0012115 0.0006048 0.0006048 0.0048605 0.0012109 0.0012115 0.0042490 0.0012122 0.0012107 0.0012107 
EPI_ISL_20244511 0.0006053 0.0012113 0.0012120 0.0012113 0.0000000 0.0012121 0.0018186 0.0000010 0.0000010 0.0018192 0.0018185 0.0024259 0.0000010 0.0018182 0.0048612 0.0048636 0.0048612 0.0048636 0.0012134 0.0006053 0.0006053 0.0024279 0.0024274 0.0018182 0.0018182 0.0060847 0.0024263 0.0024274 0.0054723 0.0000010 0.0000010 0.0024259 
EPI_ISL_20244513 0.0006056 0.0000010 0.0000010 0.0000010 0.0012121 0.0000000 0.0006053 0.0012136 0.0012115 0.0006058 0.0006053 0.0012115 0.0012121 0.0006052 0.0036424 0.0036442 0.0036424 0.0036442 0.0000010 0.0006056 0.0006053 0.0012130 0.0012123 0.0006052 0.0006052 0.0048633 0.0012117 0.0012123 0.0042515 0.0012129 0.0012115 0.0012115 
EPI_ISL_20255436 0.0012117 0.0006049 0.0006053 0.0006049 0.0018186 0.0006053 0.0000000 0.0018208 0.0018176 0.0012121 0.0012109 0.0018176 0.0018186 0.0012107 0.0042490 0.0042511 0.0042490 0.0042511 0.0006060 0.0012117 0.0012110 0.0018200 0.0018189 0.0012107 0.0012107 0.0054715 0.0018180 0.0018189 0.0048600 0.0018199 0.0018176 0.0018176 
EPI_ISL_20255439 0.0006060 0.0012128 0.0012135 0.0012128 0.0000010 0.0012136 0.0018208 0.0000000 0.0000010 0.0018213 0.0018206 0.0024277 0.0000010 0.0018203 0.0048668 0.0048692 0.0048668 0.0048692 0.0012149 0.0006060 0.0006060 0.0024308 0.0024292 0.0018203 0.0018203 0.0060917 0.0024281 0.0024292 0.0054786 0.0000010 0.0000010 0.0024277 
EPI_ISL_20266578 0.0006053 0.0012107 0.0012113 0.0012107 0.0000010 0.0012115 0.0018176 0.0000010 0.0000000 0.0018183 0.0018175 0.0024247 0.0000010 0.0018171 0.0048588 0.0048612 0.0048588 0.0048612 0.0012128 0.0006053 0.0006049 0.0024276 0.0024262 0.0018171 0.0018171 0.0060817 0.0024251 0.0024262 0.0054696 0.0000010 0.0000010 0.0024247 
EPI_ISL_20267208 0.0012127 0.0006055 0.0006058 0.0006055 0.0018192 0.0006058 0.0012121 0.0018213 0.0018183 0.0000000 0.0012120 0.0006055 0.0018192 0.0012118 0.0042517 0.0042538 0.0042517 0.0042538 0.0006065 0.0012127 0.0012121 0.0018205 0.0018194 0.0012118 0.0012118 0.0054746 0.0018186 0.0018194 0.0048628 0.0018204 0.0018183 0.0000021 
EPI_ISL_20267210 0.0012116 0.0006049 0.0006052 0.0006049 0.0018185 0.0006053 0.0012109 0.0018206 0.0018175 0.0012120 0.0000000 0.0018175 0.0018185 0.0012106 0.0042486 0.0042508 0.0042486 0.0042508 0.0006059 0.0012116 0.0012109 0.0018199 0.0018187 0.0012106 0.0012106 0.0054711 0.0018178 0.0018187 0.0048596 0.0018197 0.0018175 0.0018175 
EPI_ISL_20267212 0.0018186 0.0012107 0.0012113 0.0012107 0.0024259 0.0012115 0.0018176 0.0024277 0.0024247 0.0006055 0.0018175 0.0000000 0.0024259 0.0018171 0.0048588 0.0048612 0.0048588 0.0048612 0.0012128 0.0018186 0.0018176 0.0024276 0.0024262 0.0018171 0.0018171 0.0060817 0.0024251 0.0024262 0.0054696 0.0024275 0.0024247 0.0012107 
EPI_ISL_20267213 0.0006053 0.0012113 0.0012120 0.0012113 0.0000010 0.0012121 0.0018186 0.0000010 0.0000010 0.0018192 0.0018185 0.0024259 0.0000000 0.0018182 0.0048612 0.0048636 0.0048612 0.0048636 0.0012134 0.0006053 0.0006053 0.0024279 0.0024274 0.0018182 0.0018182 0.0060847 0.0024263 0.0024274 0.0054723 0.0000010 0.0000010 0.0024259 
EPI_ISL_20267214 0.0012113 0.0006048 0.0006051 0.0006048 0.0018182 0.0006052 0.0012107 0.0018203 0.0018171 0.0012118 0.0012106 0.0018171 0.0018182 0.0000000 0.0042479 0.0042500 0.0042479 0.0042500 0.0006058 0.0012113 0.0012107 0.0018196 0.0018184 0.0012104 0.0012104 0.0054701 0.0018175 0.0018184 0.0048588 0.0018194 0.0018171 0.0018171 
EPI_ISL_20267216 0.0042511 0.0036402 0.0036420 0.0036402 0.0048612 0.0036424 0.0042490 0.0048668 0.0048588 0.0042517 0.0042486 0.0048588 0.0048612 0.0042479 0.0000000 0.0000010 0.0000010 0.0000010 0.0036461 0.0042511 0.0042490 0.0048648 0.0048618 0.0042479 0.0042479 0.0036411 0.0048596 0.0048618 0.0018172 0.0048644 0.0048588 0.0048588 
EPI_ISL_20267217 0.0042532 0.0036420 0.0036438 0.0036420 0.0048636 0.0036442 0.0042511 0.0048692 0.0048612 0.0042538 0.0042508 0.0048612 0.0048636 0.0042500 0.0000010 0.0000000 0.0000010 0.0000010 0.0036479 0.0042532 0.0042511 0.0048672 0.0048642 0.0042500 0.0042500 0.0036429 0.0048620 0.0048642 0.0018183 0.0048668 0.0048612 0.0048612 
EPI_ISL_20267221 0.0042511 0.0036402 0.0036420 0.0036402 0.0048612 0.0036424 0.0042490 0.0048668 0.0048588 0.0042517 0.0042486 0.0048588 0.0048612 0.0042479 0.0000010 0.0000010 0.0000000 0.0000010 0.0036461 0.0042511 0.0042490 0.0048648 0.0048618 0.0042479 0.0042479 0.0036411 0.0048596 0.0048618 0.0018172 0.0048644 0.0048588 0.0048588 
EPI_ISL_20267223 0.0042532 0.0036420 0.0036438 0.0036420 0.0048636 0.0036442 0.0042511 0.0048692 0.0048612 0.0042538 0.0042508 0.0048612 0.0048636 0.0042500 0.0000010 0.0000010 0.0000010 0.0000000 0.0036479 0.0042532 0.0042511 0.0048672 0.0048642 0.0042500 0.0042500 0.0036429 0.0048620 0.0048642 0.0018183 0.0048668 0.0048612 0.0048612 
EPI_ISL_20267235 0.0006063 0.0000010 0.0000010 0.0000010 0.0012134 0.0000010 0.0006060 0.0012149 0.0012128 0.0006065 0.0006059 0.0012128 0.0012134 0.0006058 0.0036461 0.0036479 0.0036461 0.0036479 0.0000000 0.0006063 0.0006060 0.0012144 0.0012136 0.0006058 0.0006058 0.0048684 0.0012130 0.0012136 0.0042559 0.0012143 0.0012128 0.0012128 
EPI_ISL_20267240 0.0000010 0.0006053 0.0006056 0.0006053 0.0006053 0.0006056 0.0012117 0.0006060 0.0006053 0.0012127 0.0012116 0.0018186 0.0006053 0.0012113 0.0042511 0.0042532 0.0042511 0.0042532 0.0006063 0.0000000 0.0000010 0.0018209 0.0018198 0.0012113 0.0012113 0.0054742 0.0018190 0.0018198 0.0048624 0.0006060 0.0006053 0.0018186 
EPI_ISL_20283194 0.0000010 0.0006049 0.0006053 0.0006049 0.0006053 0.0006053 0.0012110 0.0006060 0.0006049 0.0012121 0.0012109 0.0018176 0.0006053 0.0012107 0.0042490 0.0042511 0.0042490 0.0042511 0.0006060 0.0000010 0.0000000 0.0018200 0.0018189 0.0012107 0.0012107 0.0054715 0.0018180 0.0018189 0.0048600 0.0006057 0.0006049 0.0018176 
EPI_ISL_20283195 0.0018209 0.0012123 0.0012129 0.0012123 0.0024279 0.0012130 0.0018200 0.0024308 0.0024276 0.0018205 0.0018199 0.0024276 0.0024279 0.0018196 0.0048648 0.0048672 0.0048648 0.0048672 0.0012144 0.0018209 0.0018200 0.0000000 0.0024282 0.0018196 0.0018196 0.0060892 0.0012125 0.0024282 0.0054764 0.0024295 0.0024276 0.0024276 
EPI_ISL_20283196 0.0018198 0.0012115 0.0012121 0.0012115 0.0024274 0.0012123 0.0018189 0.0024292 0.0024262 0.0018194 0.0018187 0.0024262 0.0024274 0.0018184 0.0048618 0.0048642 0.0048618 0.0048642 0.0012136 0.0018198 0.0018189 0.0024282 0.0000000 0.0018184 0.0018184 0.0060854 0.0024266 0.0024277 0.0054730 0.0024280 0.0024262 0.0024262 
EPI_ISL_20283199 0.0012113 0.0006048 0.0006051 0.0006048 0.0018182 0.0006052 0.0012107 0.0018203 0.0018171 0.0012118 0.0012106 0.0018171 0.0018182 0.0012104 0.0042479 0.0042500 0.0042479 0.0042500 0.0006058 0.0012113 0.0012107 0.0018196 0.0018184 0.0000000 0.0012104 0.0054701 0.0018175 0.0006052 0.0048588 0.0018194 0.0018171 0.0018171 
EPI_ISL_20283200 0.0012113 0.0006048 0.0006051 0.0006048 0.0018182 0.0006052 0.0012107 0.0018203 0.0018171 0.0012118 0.0012106 0.0018171 0.0018182 0.0012104 0.0042479 0.0042500 0.0042479 0.0042500 0.0006058 0.0012113 0.0012107 0.0018196 0.0018184 0.0012104 0.0000000 0.0054701 0.0018175 0.0018184 0.0048588 0.0018194 0.0018171 0.0018171 
EPI_ISL_20283201 0.0054742 0.0048605 0.0048629 0.0048605 0.0060847 0.0048633 0.0054715 0.0060917 0.0060817 0.0054746 0.0054711 0.0060817 0.0060847 0.0054701 0.0036411 0.0036429 0.0036411 0.0036429 0.0048684 0.0054742 0.0054715 0.0060892 0.0060854 0.0054701 0.0054701 0.0000000 0.0060828 0.0060854 0.0042501 0.0060887 0.0060817 0.0060817 
EPI_ISL_20283204 0.0018190 0.0012109 0.0012116 0.0012109 0.0024263 0.0012117 0.0018180 0.0024281 0.0024251 0.0018186 0.0018178 0.0024251 0.0024263 0.0018175 0.0048596 0.0048620 0.0048596 0.0048620 0.0012130 0.0018190 0.0018180 0.0012125 0.0024266 0.0018175 0.0018175 0.0060828 0.0000000 0.0024266 0.0054706 0.0024279 0.0024251 0.0024251 
EPI_ISL_20283209 0.0018198 0.0012115 0.0012121 0.0012115 0.0024274 0.0012123 0.0018189 0.0024292 0.0024262 0.0018194 0.0018187 0.0024262 0.0024274 0.0018184 0.0048618 0.0048642 0.0048618 0.0048642 0.0012136 0.0018198 0.0018189 0.0024282 0.0024277 0.0006052 0.0018184 0.0060854 0.0024266 0.0000000 0.0054730 0.0024280 0.0024262 0.0024262 
EPI_ISL_20283213 0.0048624 0.0042490 0.0042511 0.0042490 0.0054723 0.0042515 0.0048600 0.0054786 0.0054696 0.0048628 0.0048596 0.0054696 0.0054723 0.0048588 0.0018172 0.0018183 0.0018172 0.0018183 0.0042559 0.0048624 0.0048600 0.0054764 0.0054730 0.0048588 0.0048588 0.0042501 0.0054706 0.0054730 0.0000000 0.0054759 0.0054696 0.0054696 
EPI_ISL_20289540 0.0006060 0.0012122 0.0012128 0.0012122 0.0000010 0.0012129 0.0018199 0.0000010 0.0000010 0.0018204 0.0018197 0.0024275 0.0000010 0.0018194 0.0048644 0.0048668 0.0048644 0.0048668 0.0012143 0.0006060 0.0006057 0.0024295 0.0024280 0.0018194 0.0018194 0.0060887 0.0024279 0.0024280 0.0054759 0.0000000 0.0000010 0.0024275 
EPI_ISL_20292464 0.0006053 0.0012107 0.0012113 0.0012107 0.0000010 0.0012115 0.0018176 0.0000010 0.0000010 0.0018183 0.0018175 0.0024247 0.0000010 0.0018171 0.0048588 0.0048612 0.0048588 0.0048612 0.0012128 0.0006053 0.0006049 0.0024276 0.0024262 0.0018171 0.0018171 0.0060817 0.0024251 0.0024262 0.0054696 0.0000010 0.0000000 0.0024247 
EPI_ISL_20292466 0.0018186 0.0012107 0.0012113 0.0012107 0.0024259 0.0012115 0.0018176 0.0024277 0.0024247 0.0000021 0.0018175 0.0012107 0.0024259 0.0018171 0.0048588 0.0048612 0.0048588 0.0048612 0.0012128 0.0018186 0.0018176 0.0024276 0.0024262 0.0018171 0.0018171 0.0060817 0.0024251 0.0024262 0.0054696 0.0024275 0.0024247 0.0000000 
