27
EPI_ISL_20287733 0.0000000 0.0036419 0.0036419 0.0042515 0.0042518 0.0042518 0.0042518 0.0036440 0.0024256 0.0024256 0.0024246 0.0030337 0.0042518 0.0024252 0.0024250 0.0042518 0.0024252 0.0042531 0.0030339 0.0030337 0.0042531 0.0024246 0.0024250 0.0042515 0.0024262 0.0024250 0.0036437 
EPI_ISL_20287737 0.0036419 0.0000000 0.0000010 0.0006052 0.0006053 0.0006053 0.0006053 0.0000010 0.0036422 0.0036422 0.0036406 0.0042518 0.0006053 0.0036416 0.0036413 0.0006053 0.0036416 0.0006055 0.0042522 0.0042518 0.0006055 0.0036406 0.0036413 0.0006052 0.0036430 0.0036413 0.0000010 
EPI_ISL_20287738 0.0036419 0.0000010 0.0000000 0.0006052 0.0006053 0.0006053 0.0006053 0.0000010 0.0036422 0.0036422 0.0036406 0.0042518 0.0006053 0.0036416 0.0036413 0.0006053 0.0036416 0.0006055 0.0042522 0.0042518 0.0006055 0.0036406 0.0036413 0.0006052 0.0036430 0.0036413 0.0000010 
EPI_ISL_20287743 0.0042515 0.0006052 0.0006052 0.0000000 0.0012113 0.0012113 0.0012113 0.0006056 0.0042518 0.0042518 0.0042499 0.0048621 0.0012113 0.0042511 0.0042507 0.0012113 0.0042511 0.0012117 0.0048625 0.0048621 0.0012117 0.0042499 0.0042507 0.0012112 0.0042528 0.0042507 0.0006055 
EPI_ISL_20287746 0.0042518 0.0006053 0.0006053 0.0012113 0.0000000 0.0012114 0.0012114 0.0006056 0.0042522 0.0042522 0.0042503 0.0048625 0.0012114 0.0042514 0.0042511 0.0012114 0.0042514 0.0012118 0.0048629 0.0048625 0.0012118 0.0042503 0.0042511 0.0012113 0.0042531 0.0042511 0.0006056 
EPI_ISL_20287747 0.0042518 0.0006053 0.0006053 0.0012113 0.0012114 0.0000000 0.0000010 0.0006056 0.0042522 0.0042522 0.0042503 0.0048625 0.0012114 0.0042514 0.0042511 0.0012114 0.0042514 0.0012118 0.0048629 0.0048625 0.0012118 0.0042503 0.0042511 0.0012113 0.0042531 0.0042511 0.0006056 
EPI_ISL_20287748 0.0042518 0.0006053 0.0006053 0.0012113 0.0012114 0.0000010 0.0000000 0.0006056 0.0042522 0.0042522 0.0042503 0.0048625 0.0012114 0.0042514 0.0042511 0.0012114 0.0042514 0.0012118 0.0048629 0.0048625 0.0012118 0.0042503 0.0042511 0.0012113 0.0042531 0.0042511 0.0006056 
EPI_ISL_20287758 0.0036440 0.0000010 0.0000010 0.0006056 0.0006056 0.0006056 0.0006056 0.0000000 0.0036443 0.0036443 0.0036427 0.0042542 0.0006056 0.0036436 0.0036433 0.0006056 0.0036436 0.0006058 0.0042546 0.0042542 0.0006058 0.0036427 0.0036433 0.0006056 0.0036451 0.0036433 0.0000010 
EPI_ISL_20297762 0.0024256 0.0036422 0.0036422 0.0042518 0.0042522 0.0042522 0.0042522 0.0036443 0.0000000 0.0000010 0.0024248 0.0030339 0.0042522 0.0024254 0.0024252 0.0042522 0.0024254 0.0042535 0.0006055 0.0030339 0.0042535 0.0024248 0.0024252 0.0042518 0.0024264 0.0024252 0.0036440 
EPI_ISL_20297764 0.0024256 0.0036422 0.0036422 0.0042518 0.0042522 0.0042522 0.0042522 0.0036443 0.0000010 0.0000000 0.0024248 0.0030339 0.0042522 0.0024254 0.0024252 0.0042522 0.0024254 0.0042535 0.0006055 0.0030339 0.0042535 0.0024248 0.0024252 0.0042518 0.0024264 0.0024252 0.0036440 
EPI_ISL_20297766 0.0024246 0.0036406 0.0036406 0.0042499 0.0042503 0.0042503 0.0042503 0.0036427 0.0024248 0.0024248 0.0000000 0.0030326 0.0042503 0.0024243 0.0024241 0.0042503 0.0024243 0.0042516 0.0030328 0.0030326 0.0042516 0.0000010 0.0024241 0.0042499 0.0024253 0.0024241 0.0036424 
EPI_ISL_20297767 0.0030337 0.0042518 0.0042518 0.0048621 0.0048625 0.0048625 0.0048625 0.0042542 0.0030339 0.0030339 0.0030326 0.0000000 0.0048625 0.0030334 0.0030331 0.0048625 0.0030334 0.0048641 0.0036435 0.0000010 0.0048641 0.0030326 0.0030331 0.0048621 0.0030346 0.0030331 0.0042539 
EPI_ISL_20297768 0.0042518 0.0006053 0.0006053 0.0012113 0.0012114 0.0012114 0.0012114 0.0006056 0.0042522 0.0042522 0.0042503 0.0048625 0.0000000 0.0042514 0.0042511 0.0000010 0.0042514 0.0012118 0.0048629 0.0048625 0.0012118 0.0042503 0.0042511 0.0012113 0.0042531 0.0042511 0.0006056 
EPI_ISL_20297771 0.0024252 0.0036416 0.0036416 0.0042511 0.0042514 0.0042514 0.0042514 0.0036436 0.0024254 0.0024254 0.0024243 0.0030334 0.0042514 0.0000000 0.0024248 0.0042514 0.0000010 0.0042527 0.0030336 0.0030334 0.0042527 0.0024243 0.0012110 0.0042511 0.0024260 0.0012110 0.0036434 
EPI_ISL_20297773 0.0024250 0.0036413 0.0036413 0.0042507 0.0042511 0.0042511 0.0042511 0.0036433 0.0024252 0.0024252 0.0024241 0.0030331 0.0042511 0.0024248 0.0000000 0.0042511 0.0024248 0.0042524 0.0030334 0.0030331 0.0042524 0.0024241 0.0024246 0.0042507 0.0024257 0.0024246 0.0036430 
EPI_ISL_20297775 0.0042518 0.0006053 0.0006053 0.0012113 0.0012114 0.0012114 0.0012114 0.0006056 0.0042522 0.0042522 0.0042503 0.0048625 0.0000010 0.0042514 0.0042511 0.0000000 0.0042514 0.0012118 0.0048629 0.0048625 0.0012118 0.0042503 0.0042511 0.0012113 0.0042531 0.0042511 0.0006056 
EPI_ISL_20297778 0.0024252 0.0036416 0.0036416 0.0042511 0.0042514 0.0042514 0.0042514 0.0036436 0.0024254 0.0024254 0.0024243 0.0030334 0.0042514 0.0000010 0.0024248 0.0042514 0.0000000 0.0042527 0.0030336 0.0030334 0.0042527 0.0024243 0.0012110 0.0042511 0.0024260 0.0012110 0.0036434 
EPI_ISL_20297779 0.0042531 0.0006055 0.0006055 0.0012117 0.0012118 0.0012118 0.0012118 0.0006058 0.0042535 0.0042535 0.0042516 0.0048641 0.0012118 0.0042527 0.0042524 0.0012118 0.0042527 0.0000000 0.0048645 0.0048641 0.0000010 0.0042516 0.0042524 0.0012117 0.0042545 0.0042524 0.0006058 
EPI_ISL_20297781 0.0030339 0.0042522 0.0042522 0.0048625 0.0048629 0.0048629 0.0048629 0.0042546 0.0006055 0.0006055 0.0030328 0.0036435 0.0048629 0.0030336 0.0030334 0.0048629 0.0030336 0.0048645 0.0000000 0.0036435 0.0048645 0.0030328 0.0030334 0.0048625 0.0030349 0.0030334 0.0042542 
EPI_ISL_20297783 0.0030337 0.0042518 0.0042518 0.0048621 0.0048625 0.0048625 0.0048625 0.0042542 0.0030339 0.0030339 0.0030326 0.0000010 0.0048625 0.0030334 0.0030331 0.0048625 0.0030334 0.0048641 0.0036435 0.0000000 0.0048641 0.0030326 0.0030331 0.0048621 0.0030346 0.0030331 0.0042539 
EPI_ISL_20297784 0.0042531 0.0006055 0.0006055 0.0012117 0.0012118 0.0012118 0.0012118 0.0006058 0.0042535 0.0042535 0.0042516 0.0048641 0.0012118 0.0042527 0.0042524 0.0012118 0.0042527 0.0000010 0.0048645 0.0048641 0.0000000 0.0042516 0.0042524 0.0012117 0.0042545 0.0042524 0.0006058 
EPI_ISL_20297786 0.0024246 0.0036406 0.0036406 0.0042499 0.0042503 0.0042503 0.0042503 0.0036427 0.0024248 0.0024248 0.0000010 0.0030326 0.0042503 0.0024243 0.0024241 0.0042503 0.0024243 0.0042516 0.0030328 0.0030326 0.0042516 0.0000000 0.0024241 0.0042499 0.0024253 0.0024241 0.0036424 
EPI_ISL_20297790 0.0024250 0.0036413 0.0036413 0.0042507 0.0042511 0.0042511 0.0042511 0.0036433 0.0024252 0.0024252 0.0024241 0.0030331 0.0042511 0.0012110 0.0024246 0.0042511 0.0012110 0.0042524 0.0030334 0.0030331 0.0042524 0.0024241 0.0000000 0.0042507 0.0024257 0.0000010 0.0036430 
EPI_ISL_20297795 0.0042515 0.0006052 0.0006052 0.0012112 0.0012113 0.0012113 0.0012113 0.0006056 0.0042518 0.0042518 0.0042499 0.0048621 0.0012113 0.0042511 0.0042507 0.0012113 0.0042511 0.0012117 0.0048625 0.0048621 0.0012117 0.0042499 0.0042507 0.0000000 0.0042528 0.0042507 0.0006055 
EPI_ISL_20297796 0.0024262 0.0036430 0.0036430 0.0042528 0.0042531 0.0042531 0.0042531 0.0036451 0.0024264 0.0024264 0.0024253 0.0030346 0.0042531 0.0024260 0.0024257 0.0042531 0.0024260 0.0042545 0.0030349 0.0030346 0.0042545 0.0024253 0.0024257 0.0042528 0.0000000 0.0024257 0.0036448 
EPI_ISL_20297807 0.0024250 0.0036413 0.0036413 0.0042507 0.0042511 0.0042511 0.0042511 0.0036433 0.0024252 0.0024252 0.0024241 0.0030331 0.0042511 0.0012110 0.0024246 0.0042511 0.0012110 0.0042524 0.0030334 0.0030331 0.0042524 0.0024241 0.0000010 0.0042507 0.0024257 0.0000000 0.0036430 
EPI_ISL_20297809 0.0036437 0.0000010 0.0000010 0.0006055 0.0006056 0.0006056 0.0006056 0.0000010 0.0036440 0.0036440 0.0036424 0.0042539 0.0006056 0.0036434 0.0036430 0.0006056 0.0036434 0.0006058 0.0042542 0.0042539 0.0006058 0.0036424 0.0036430 0.0006055 0.0036448 0.0036430 0.0000000 
