57
EPI_ISL_20281763 0.0000000 0.0018164 0.0000029 0.0012108 0.0006051 0.0036401 0.0036395 0.0042490 0.0024254 0.0030313 0.0012106 0.0032668 0.0012109 0.0018169 0.0036410 0.0024264 0.0024248 0.0024260 0.0012115 0.0030327 0.0012107 0.0030333 0.0018175 0.0030320 0.0018167 0.0018163 0.0018166 0.0006051 0.0012106 0.0018164 0.0024253 0.0024242 0.0000010 0.0012108 0.0036401 0.0030324 0.0018166 0.0024246 0.0018166 0.0012109 0.0036418 0.0018164 0.0006050 0.0036427 0.0030320 0.0018167 0.0018172 0.0018167 0.0042490 0.0024242 0.0006050 0.0048640 0.0036404 0.0006051 0.0048602 0.0018167 0.0006051 
EPI_ISL_20281784 0.0018164 0.0000000 0.0018179 0.0018166 0.0012106 0.0030317 0.0030312 0.0036399 0.0018172 0.0024237 0.0018163 0.0026118 0.0018167 0.0024244 0.0030324 0.0018180 0.0030321 0.0030336 0.0018177 0.0024248 0.0018164 0.0024252 0.0024253 0.0024242 0.0012106 0.0012104 0.0012106 0.0012106 0.0006050 0.0012104 0.0018172 0.0018163 0.0018164 0.0018166 0.0030317 0.0024246 0.0012106 0.0018166 0.0012106 0.0018167 0.0030331 0.0000010 0.0024238 0.0030339 0.0024242 0.0024242 0.0012110 0.0012106 0.0036399 0.0018163 0.0024238 0.0042536 0.0030320 0.0024242 0.0042502 0.0024242 0.0024239 
EPI_ISL_20281809 0.0000029 0.0018179 0.0000000 0.0012117 0.0006054 0.0036410 0.0036403 0.0042511 0.0024265 0.0024253 0.0012115 0.0032685 0.0012118 0.0018184 0.0036420 0.0024276 0.0024260 0.0024271 0.0012124 0.0030341 0.0012116 0.0030347 0.0018190 0.0030334 0.0018182 0.0018179 0.0018181 0.0006054 0.0012115 0.0018179 0.0024265 0.0024253 0.0000029 0.0012117 0.0036410 0.0030339 0.0018181 0.0024257 0.0018181 0.0012118 0.0036429 0.0018179 0.0006053 0.0036439 0.0030334 0.0018182 0.0018188 0.0018182 0.0042511 0.0024253 0.0000029 0.0048664 0.0036414 0.0006054 0.0048626 0.0018182 0.0006053 
EPI_ISL_20281820 0.0012108 0.0018166 0.0012117 0.0000000 0.0006052 0.0036405 0.0036399 0.0042495 0.0024256 0.0030317 0.0012107 0.0032671 0.0012110 0.0018171 0.0036414 0.0024267 0.0012111 0.0024262 0.0012116 0.0030330 0.0012108 0.0030336 0.0006055 0.0030323 0.0018169 0.0018165 0.0018168 0.0006052 0.0012107 0.0018166 0.0024256 0.0024244 0.0012108 0.0000010 0.0036405 0.0030328 0.0018168 0.0024248 0.0018168 0.0012110 0.0036422 0.0018166 0.0018166 0.0036431 0.0030323 0.0018169 0.0018174 0.0018169 0.0042495 0.0024244 0.0018166 0.0048646 0.0036408 0.0018169 0.0048607 0.0018169 0.0018167 
EPI_ISL_20281896 0.0006051 0.0012106 0.0006054 0.0006052 0.0000000 0.0030321 0.0030317 0.0036405 0.0018175 0.0024241 0.0006051 0.0026122 0.0006052 0.0012109 0.0030329 0.0018183 0.0018171 0.0018180 0.0006056 0.0024251 0.0006051 0.0024256 0.0012113 0.0024246 0.0012108 0.0012106 0.0012107 0.0000010 0.0006051 0.0012106 0.0018175 0.0018166 0.0006051 0.0006052 0.0030321 0.0024249 0.0012107 0.0018169 0.0012107 0.0006052 0.0030336 0.0012106 0.0012106 0.0030343 0.0024246 0.0012108 0.0012112 0.0012108 0.0036405 0.0018166 0.0012106 0.0042543 0.0030324 0.0012108 0.0042509 0.0012108 0.0012107 
EPI_ISL_20281961 0.0036401 0.0030317 0.0036410 0.0036405 0.0030321 0.0000000 0.0048575 0.0006052 0.0036417 0.0042481 0.0036399 0.0045784 0.0036407 0.0042495 0.0048595 0.0036433 0.0048591 0.0048614 0.0036426 0.0042500 0.0036401 0.0042508 0.0042509 0.0042490 0.0030321 0.0030315 0.0030320 0.0030321 0.0024243 0.0030317 0.0036417 0.0036399 0.0036401 0.0036405 0.0000010 0.0042497 0.0030320 0.0036405 0.0030320 0.0036407 0.0000010 0.0030317 0.0042483 0.0000010 0.0042490 0.0042490 0.0030330 0.0030321 0.0006052 0.0036399 0.0042483 0.0012123 0.0048588 0.0042490 0.0012114 0.0042490 0.0042485 
EPI_ISL_20282022 0.0036395 0.0030312 0.0036403 0.0036399 0.0030317 0.0048575 0.0000000 0.0054675 0.0036411 0.0042475 0.0036393 0.0032670 0.0036401 0.0042488 0.0048588 0.0036427 0.0048583 0.0048606 0.0036420 0.0042494 0.0036395 0.0042502 0.0042502 0.0042483 0.0030317 0.0030310 0.0030315 0.0030317 0.0024239 0.0030312 0.0036411 0.0036393 0.0036395 0.0036399 0.0048575 0.0042490 0.0030315 0.0036399 0.0030315 0.0036401 0.0048599 0.0030312 0.0042477 0.0048611 0.0042483 0.0042483 0.0030325 0.0030317 0.0054675 0.0036393 0.0042477 0.0060848 0.0048580 0.0042483 0.0060800 0.0042483 0.0042479 
EPI_ISL_20282028 0.0042490 0.0036399 0.0042511 0.0042495 0.0036405 0.0006052 0.0054675 0.0000000 0.0042509 0.0048575 0.0042488 0.0052354 0.0042497 0.0048591 0.0054698 0.0042528 0.0054692 0.0054718 0.0042519 0.0048597 0.0042490 0.0048606 0.0048607 0.0048585 0.0036405 0.0036397 0.0036403 0.0036405 0.0030320 0.0036399 0.0042508 0.0042488 0.0042490 0.0042495 0.0006052 0.0048593 0.0036403 0.0042495 0.0036403 0.0042497 0.0006055 0.0036399 0.0048578 0.0006057 0.0048585 0.0048585 0.0036415 0.0036405 0.0000010 0.0042488 0.0048578 0.0018192 0.0054689 0.0048585 0.0006055 0.0048585 0.0048580 
EPI_ISL_20282032 0.0024254 0.0018172 0.0024265 0.0024256 0.0018175 0.0036417 0.0036411 0.0042509 0.0000000 0.0030327 0.0024253 0.0032683 0.0024258 0.0030336 0.0036426 0.0024275 0.0036423 0.0036440 0.0024270 0.0030340 0.0024254 0.0030346 0.0030347 0.0030333 0.0018175 0.0018172 0.0018174 0.0018175 0.0012112 0.0018172 0.0024264 0.0024253 0.0024254 0.0024256 0.0036417 0.0018178 0.0018174 0.0024256 0.0018174 0.0024258 0.0036435 0.0018172 0.0030328 0.0036444 0.0030333 0.0030333 0.0018181 0.0006054 0.0042509 0.0024253 0.0030328 0.0048662 0.0036421 0.0030333 0.0048624 0.0030333 0.0030330 
EPI_ISL_20282034 0.0030313 0.0024237 0.0024253 0.0030317 0.0024241 0.0042481 0.0042475 0.0048575 0.0030327 0.0000000 0.0030312 0.0039215 0.0030318 0.0036399 0.0042492 0.0030340 0.0042488 0.0042508 0.0030334 0.0036404 0.0030313 0.0036411 0.0036412 0.0036395 0.0024241 0.0024236 0.0024239 0.0024241 0.0018162 0.0024237 0.0030327 0.0030312 0.0030313 0.0030317 0.0042481 0.0036401 0.0024239 0.0030317 0.0024239 0.0030318 0.0042502 0.0024237 0.0036390 0.0042512 0.0036395 0.0036395 0.0024248 0.0024241 0.0048575 0.0006050 0.0024237 0.0054737 0.0042486 0.0036395 0.0054694 0.0036395 0.0036391 
EPI_ISL_20282035 0.0012106 0.0018163 0.0012115 0.0012107 0.0006051 0.0036399 0.0036393 0.0042488 0.0024253 0.0030312 0.0000000 0.0032666 0.0012108 0.0018168 0.0036408 0.0024263 0.0024247 0.0024258 0.0012115 0.0030325 0.0012106 0.0030331 0.0018174 0.0030318 0.0018166 0.0018162 0.0018165 0.0006051 0.0012106 0.0018163 0.0024252 0.0024241 0.0012106 0.0012107 0.0036399 0.0030323 0.0018165 0.0024244 0.0018165 0.0012108 0.0036417 0.0018163 0.0018163 0.0036426 0.0030318 0.0018166 0.0018172 0.0018166 0.0042488 0.0024241 0.0018163 0.0048638 0.0036403 0.0018166 0.0048599 0.0018166 0.0018164 
EPI_ISL_20282054 0.0032668 0.0026118 0.0032685 0.0032671 0.0026122 0.0045784 0.0032670 0.0052354 0.0032683 0.0039215 0.0032666 0.0000000 0.0032673 0.0026125 0.0006522 0.0032699 0.0045792 0.0045815 0.0032692 0.0039234 0.0032668 0.0032688 0.0039242 0.0039223 0.0026122 0.0026117 0.0026121 0.0026122 0.0019574 0.0026118 0.0032683 0.0032666 0.0032668 0.0032671 0.0045784 0.0039230 0.0026121 0.0026121 0.0026121 0.0032673 0.0045808 0.0026118 0.0039217 0.0045784 0.0039223 0.0039223 0.0026130 0.0026122 0.0052354 0.0032666 0.0039217 0.0059003 0.0045789 0.0039223 0.0058953 0.0039223 0.0039219 
EPI_ISL_20282056 0.0012109 0.0018167 0.0012118 0.0012110 0.0006052 0.0036407 0.0036401 0.0042497 0.0024258 0.0030318 0.0012108 0.0032673 0.0000000 0.0018172 0.0036416 0.0024268 0.0024252 0.0024263 0.0012117 0.0030332 0.0012109 0.0030337 0.0018178 0.0030324 0.0018170 0.0018166 0.0018169 0.0006052 0.0012108 0.0018167 0.0024257 0.0024246 0.0012109 0.0012110 0.0036407 0.0030329 0.0018169 0.0024249 0.0018169 0.0012111 0.0036424 0.0018167 0.0018167 0.0036433 0.0030324 0.0018170 0.0018175 0.0018170 0.0042497 0.0024246 0.0018167 0.0048648 0.0024250 0.0018170 0.0048610 0.0018170 0.0018168 
EPI_ISL_20282058 0.0018169 0.0024244 0.0018184 0.0018171 0.0012109 0.0042495 0.0042488 0.0048591 0.0030336 0.0036399 0.0018168 0.0026125 0.0018172 0.0000000 0.0030332 0.0030350 0.0030329 0.0030344 0.0018182 0.0036415 0.0018169 0.0036422 0.0024259 0.0036407 0.0024248 0.0024243 0.0024247 0.0012109 0.0018168 0.0024244 0.0030336 0.0030321 0.0018169 0.0018171 0.0042495 0.0036412 0.0024247 0.0030326 0.0024247 0.0018172 0.0042515 0.0024244 0.0024244 0.0042526 0.0036407 0.0024248 0.0024255 0.0024248 0.0048591 0.0030321 0.0024244 0.0054754 0.0042499 0.0024248 0.0054711 0.0024248 0.0024245 
EPI_ISL_20282074 0.0036410 0.0030324 0.0036420 0.0036414 0.0030329 0.0048595 0.0048588 0.0054698 0.0036426 0.0042492 0.0036408 0.0006522 0.0036416 0.0030332 0.0000000 0.0036442 0.0048603 0.0048626 0.0036435 0.0042511 0.0036410 0.0042519 0.0042520 0.0042501 0.0030329 0.0030323 0.0030328 0.0030329 0.0024249 0.0030324 0.0036426 0.0036408 0.0036410 0.0036414 0.0048595 0.0042508 0.0030328 0.0036414 0.0030328 0.0036416 0.0048619 0.0030324 0.0042494 0.0048631 0.0042501 0.0042501 0.0030338 0.0030329 0.0054698 0.0036408 0.0042494 0.0060874 0.0048600 0.0042501 0.0060825 0.0042501 0.0042496 
EPI_ISL_20282075 0.0024264 0.0018180 0.0024276 0.0024267 0.0018183 0.0036433 0.0036427 0.0042528 0.0024275 0.0030340 0.0024263 0.0032699 0.0024268 0.0030350 0.0036442 0.0000000 0.0036439 0.0036456 0.0024281 0.0030354 0.0024264 0.0030359 0.0030360 0.0030346 0.0018183 0.0018180 0.0018182 0.0018183 0.0012117 0.0018180 0.0024275 0.0024263 0.0024264 0.0024267 0.0036433 0.0030351 0.0018182 0.0024267 0.0018182 0.0024268 0.0036451 0.0018180 0.0030342 0.0036460 0.0030346 0.0030346 0.0018189 0.0018183 0.0042528 0.0024263 0.0030342 0.0048683 0.0036437 0.0030346 0.0048645 0.0030346 0.0030343 
EPI_ISL_20282082 0.0024248 0.0030321 0.0024260 0.0012111 0.0018171 0.0048591 0.0048583 0.0054692 0.0036423 0.0042488 0.0024247 0.0045792 0.0024252 0.0030329 0.0048603 0.0036439 0.0000000 0.0036432 0.0024265 0.0042507 0.0024248 0.0042515 0.0018179 0.0042497 0.0030326 0.0030320 0.0030325 0.0018171 0.0024247 0.0030321 0.0036422 0.0036405 0.0024248 0.0012111 0.0048591 0.0042503 0.0030325 0.0036411 0.0030325 0.0024252 0.0048614 0.0030321 0.0030321 0.0048626 0.0042497 0.0030326 0.0030335 0.0030326 0.0054692 0.0036405 0.0030321 0.0060868 0.0048595 0.0030326 0.0060819 0.0030326 0.0030323 
EPI_ISL_20282089 0.0024260 0.0030336 0.0024271 0.0024262 0.0018180 0.0048614 0.0048606 0.0054718 0.0036440 0.0042508 0.0024258 0.0045815 0.0024263 0.0030344 0.0048626 0.0036456 0.0036432 0.0000000 0.0024276 0.0042527 0.0024260 0.0042535 0.0030354 0.0042517 0.0030341 0.0030334 0.0030339 0.0018180 0.0024258 0.0030336 0.0036440 0.0036422 0.0024260 0.0024262 0.0048614 0.0042524 0.0030339 0.0036428 0.0030339 0.0024263 0.0048637 0.0030336 0.0030336 0.0048649 0.0042517 0.0006056 0.0030349 0.0030341 0.0054718 0.0036422 0.0030336 0.0060897 0.0048619 0.0030341 0.0060848 0.0006056 0.0030337 
EPI_ISL_20282094 0.0012115 0.0018177 0.0012124 0.0012116 0.0006056 0.0036426 0.0036420 0.0042519 0.0024270 0.0030334 0.0012115 0.0032692 0.0012117 0.0018182 0.0036435 0.0024281 0.0024265 0.0024276 0.0000000 0.0030348 0.0012115 0.0030354 0.0018188 0.0030341 0.0018180 0.0018176 0.0018179 0.0006056 0.0012115 0.0018177 0.0024270 0.0024258 0.0012115 0.0012116 0.0036426 0.0030345 0.0018179 0.0024262 0.0018179 0.0012117 0.0036444 0.0018177 0.0018177 0.0036453 0.0030341 0.0018180 0.0018185 0.0018180 0.0042519 0.0024258 0.0018177 0.0048674 0.0036430 0.0018180 0.0048636 0.0018180 0.0018178 
EPI_ISL_20282106 0.0030327 0.0024248 0.0030341 0.0030330 0.0024251 0.0042500 0.0042494 0.0048597 0.0030340 0.0036404 0.0030325 0.0039234 0.0030332 0.0036415 0.0042511 0.0030354 0.0042507 0.0042527 0.0030348 0.0000000 0.0030327 0.0036427 0.0036428 0.0036412 0.0024251 0.0024246 0.0024250 0.0024251 0.0018171 0.0024248 0.0030340 0.0030325 0.0030327 0.0030330 0.0042500 0.0036417 0.0024250 0.0030330 0.0024250 0.0030332 0.0042521 0.0024248 0.0036406 0.0042531 0.0036411 0.0036411 0.0024258 0.0024251 0.0048597 0.0030325 0.0036406 0.0054762 0.0042504 0.0036411 0.0054718 0.0036411 0.0036408 
EPI_ISL_20282110 0.0012107 0.0018164 0.0012116 0.0012108 0.0006051 0.0036401 0.0036395 0.0042490 0.0024254 0.0030313 0.0012106 0.0032668 0.0012109 0.0018169 0.0036410 0.0024264 0.0024248 0.0024260 0.0012115 0.0030327 0.0000000 0.0030333 0.0018175 0.0030320 0.0018167 0.0018163 0.0018166 0.0006051 0.0012106 0.0018164 0.0024253 0.0024242 0.0012107 0.0012108 0.0036401 0.0030324 0.0018166 0.0024246 0.0018166 0.0012109 0.0036418 0.0018164 0.0018164 0.0036427 0.0030320 0.0018167 0.0018172 0.0018167 0.0042490 0.0024242 0.0018164 0.0048640 0.0036404 0.0018167 0.0048602 0.0018167 0.0018165 
EPI_ISL_20282111 0.0030333 0.0024252 0.0030347 0.0030336 0.0024256 0.0042508 0.0042502 0.0048606 0.0030346 0.0036411 0.0030331 0.0032688 0.0030337 0.0036422 0.0042519 0.0030359 0.0042515 0.0042535 0.0030354 0.0036427 0.0030333 0.0000000 0.0036435 0.0036418 0.0024256 0.0024251 0.0024255 0.0024256 0.0018174 0.0024252 0.0030346 0.0030331 0.0030333 0.0030336 0.0042508 0.0036424 0.0024255 0.0030336 0.0024255 0.0030337 0.0042529 0.0024252 0.0036413 0.0042539 0.0036418 0.0036418 0.0024263 0.0024256 0.0048606 0.0030331 0.0036413 0.0054772 0.0042512 0.0036418 0.0054728 0.0036418 0.0036414 
EPI_ISL_20282116 0.0018175 0.0024253 0.0018190 0.0006055 0.0012113 0.0042509 0.0042502 0.0048607 0.0030347 0.0036412 0.0018174 0.0039242 0.0018178 0.0024259 0.0042520 0.0030360 0.0018179 0.0030354 0.0018188 0.0036428 0.0018175 0.0036435 0.0000000 0.0036419 0.0024256 0.0024251 0.0024255 0.0012113 0.0018174 0.0024253 0.0030346 0.0030332 0.0018175 0.0006055 0.0042509 0.0036425 0.0024255 0.0030336 0.0024255 0.0018178 0.0042530 0.0024253 0.0024253 0.0042540 0.0036419 0.0024256 0.0024263 0.0024256 0.0048607 0.0030332 0.0024253 0.0054773 0.0042513 0.0024256 0.0054730 0.0024256 0.0024254 
EPI_ISL_20282124 0.0030320 0.0024242 0.0030334 0.0030323 0.0024246 0.0042490 0.0042483 0.0048585 0.0030333 0.0036395 0.0030318 0.0039223 0.0030324 0.0036407 0.0042501 0.0030346 0.0042497 0.0042517 0.0030341 0.0036412 0.0030320 0.0036418 0.0036419 0.0000000 0.0024246 0.0024241 0.0024244 0.0024246 0.0018166 0.0024242 0.0030333 0.0030318 0.0030320 0.0030323 0.0042490 0.0024249 0.0024244 0.0030323 0.0024244 0.0030324 0.0042511 0.0024242 0.0036397 0.0042521 0.0036403 0.0036403 0.0024253 0.0024246 0.0048585 0.0030318 0.0036397 0.0054748 0.0042494 0.0036403 0.0054705 0.0036403 0.0036399 
EPI_ISL_20282126 0.0018167 0.0012106 0.0018182 0.0018169 0.0012108 0.0030321 0.0030317 0.0036405 0.0018175 0.0024241 0.0018166 0.0026122 0.0018170 0.0024248 0.0030329 0.0018183 0.0030326 0.0030341 0.0018180 0.0024251 0.0018167 0.0024256 0.0024256 0.0024246 0.0000000 0.0012106 0.0012107 0.0012108 0.0006051 0.0012106 0.0018175 0.0018166 0.0018167 0.0018169 0.0030321 0.0024249 0.0012107 0.0018169 0.0012107 0.0018170 0.0030336 0.0012106 0.0024242 0.0030343 0.0024246 0.0024246 0.0012112 0.0012108 0.0036405 0.0018166 0.0024242 0.0036444 0.0030324 0.0024246 0.0042509 0.0024246 0.0024243 
EPI_ISL_20295241 0.0018163 0.0012104 0.0018179 0.0018165 0.0012106 0.0030315 0.0030310 0.0036397 0.0018172 0.0024236 0.0018162 0.0026117 0.0018166 0.0024243 0.0030323 0.0018180 0.0030320 0.0030334 0.0018176 0.0024246 0.0018163 0.0024251 0.0024251 0.0024241 0.0012106 0.0000000 0.0012105 0.0012106 0.0006050 0.0012104 0.0018171 0.0018162 0.0018163 0.0018165 0.0030315 0.0024244 0.0012105 0.0018165 0.0012105 0.0018166 0.0030330 0.0012104 0.0024237 0.0030337 0.0024241 0.0024241 0.0012109 0.0012106 0.0036397 0.0018162 0.0024237 0.0042534 0.0030318 0.0024241 0.0042500 0.0024241 0.0024238 
EPI_ISL_20295243 0.0018166 0.0012106 0.0018181 0.0018168 0.0012107 0.0030320 0.0030315 0.0036403 0.0018174 0.0024239 0.0018165 0.0026121 0.0018169 0.0024247 0.0030328 0.0018182 0.0030325 0.0030339 0.0018179 0.0024250 0.0018166 0.0024255 0.0024255 0.0024244 0.0012107 0.0012105 0.0000000 0.0012107 0.0006051 0.0012106 0.0018174 0.0018165 0.0018166 0.0018168 0.0030320 0.0024248 0.0012107 0.0018168 0.0012107 0.0018169 0.0030334 0.0012106 0.0024241 0.0030342 0.0024244 0.0024244 0.0012111 0.0012107 0.0036403 0.0018165 0.0024241 0.0042541 0.0030323 0.0024244 0.0042507 0.0024244 0.0024242 
EPI_ISL_20295244 0.0006051 0.0012106 0.0006054 0.0006052 0.0000010 0.0030321 0.0030317 0.0036405 0.0018175 0.0024241 0.0006051 0.0026122 0.0006052 0.0012109 0.0030329 0.0018183 0.0018171 0.0018180 0.0006056 0.0024251 0.0006051 0.0024256 0.0012113 0.0024246 0.0012108 0.0012106 0.0012107 0.0000000 0.0006051 0.0012106 0.0018175 0.0018166 0.0006051 0.0006052 0.0030321 0.0024249 0.0012107 0.0018169 0.0012107 0.0006052 0.0030336 0.0012106 0.0012106 0.0030343 0.0024246 0.0012108 0.0012112 0.0012108 0.0036405 0.0018166 0.0012106 0.0042543 0.0030324 0.0012108 0.0042509 0.0012108 0.0012107 
EPI_ISL_20295246 0.0012106 0.0006050 0.0012115 0.0012107 0.0006051 0.0024243 0.0024239 0.0030320 0.0012112 0.0018162 0.0012106 0.0019574 0.0012108 0.0018168 0.0024249 0.0012117 0.0024247 0.0024258 0.0012115 0.0018171 0.0012106 0.0018174 0.0018174 0.0018166 0.0006051 0.0006050 0.0006051 0.0006051 0.0000000 0.0006050 0.0012111 0.0012106 0.0012106 0.0012107 0.0024243 0.0018169 0.0006051 0.0012107 0.0006051 0.0012108 0.0024255 0.0006050 0.0018163 0.0024261 0.0018166 0.0018166 0.0006053 0.0006051 0.0030320 0.0012106 0.0018163 0.0036444 0.0024246 0.0018166 0.0036415 0.0018166 0.0018164 
EPI_ISL_20295248 0.0018164 0.0012104 0.0018179 0.0018166 0.0012106 0.0030317 0.0030312 0.0036399 0.0018172 0.0024237 0.0018163 0.0026118 0.0018167 0.0024244 0.0030324 0.0018180 0.0030321 0.0030336 0.0018177 0.0024248 0.0018164 0.0024252 0.0024253 0.0024242 0.0012106 0.0012104 0.0012106 0.0012106 0.0006050 0.0000000 0.0018172 0.0018163 0.0018164 0.0018166 0.0030317 0.0024246 0.0012106 0.0018166 0.0012106 0.0018167 0.0030331 0.0012104 0.0024238 0.0030339 0.0024242 0.0024242 0.0012110 0.0012106 0.0036399 0.0018163 0.0024238 0.0042536 0.0030320 0.0024242 0.0042502 0.0024242 0.0024239 
EPI_ISL_20295249 0.0024253 0.0018172 0.0024265 0.0024256 0.0018175 0.0036417 0.0036411 0.0042508 0.0024264 0.0030327 0.0024252 0.0032683 0.0024257 0.0030336 0.0036426 0.0024275 0.0036422 0.0036440 0.0024270 0.0030340 0.0024253 0.0030346 0.0030346 0.0030333 0.0018175 0.0018171 0.0018174 0.0018175 0.0012111 0.0018172 0.0000000 0.0000010 0.0024253 0.0024256 0.0036417 0.0030337 0.0018174 0.0024256 0.0018174 0.0024257 0.0036434 0.0018172 0.0030328 0.0036443 0.0030333 0.0030333 0.0018180 0.0018175 0.0042508 0.0024252 0.0030328 0.0048661 0.0036420 0.0030333 0.0048623 0.0030333 0.0030329 
EPI_ISL_20295250 0.0024242 0.0018163 0.0024253 0.0024244 0.0018166 0.0036399 0.0036393 0.0042488 0.0024253 0.0030312 0.0024241 0.0032666 0.0024246 0.0030321 0.0036408 0.0024263 0.0036405 0.0036422 0.0024258 0.0030325 0.0024242 0.0030331 0.0030332 0.0030318 0.0018166 0.0018162 0.0018165 0.0018166 0.0012106 0.0018163 0.0000010 0.0000000 0.0024242 0.0024244 0.0036399 0.0030323 0.0018165 0.0024244 0.0018165 0.0024246 0.0036417 0.0018163 0.0030313 0.0036426 0.0030318 0.0030318 0.0018172 0.0018166 0.0042488 0.0024241 0.0030313 0.0048638 0.0036403 0.0030318 0.0048599 0.0030318 0.0030315 
EPI_ISL_20295252 0.0000010 0.0018164 0.0000029 0.0012108 0.0006051 0.0036401 0.0036395 0.0042490 0.0024254 0.0030313 0.0012106 0.0032668 0.0012109 0.0018169 0.0036410 0.0024264 0.0024248 0.0024260 0.0012115 0.0030327 0.0012107 0.0030333 0.0018175 0.0030320 0.0018167 0.0018163 0.0018166 0.0006051 0.0012106 0.0018164 0.0024253 0.0024242 0.0000000 0.0012108 0.0036401 0.0030324 0.0018166 0.0024246 0.0018166 0.0012109 0.0036418 0.0018164 0.0006050 0.0036427 0.0030320 0.0018167 0.0018172 0.0018167 0.0042490 0.0024242 0.0006050 0.0048640 0.0036404 0.0006051 0.0048602 0.0018167 0.0006051 
EPI_ISL_20295256 0.0012108 0.0018166 0.0012117 0.0000010 0.0006052 0.0036405 0.0036399 0.0042495 0.0024256 0.0030317 0.0012107 0.0032671 0.0012110 0.0018171 0.0036414 0.0024267 0.0012111 0.0024262 0.0012116 0.0030330 0.0012108 0.0030336 0.0006055 0.0030323 0.0018169 0.0018165 0.0018168 0.0006052 0.0012107 0.0018166 0.0024256 0.0024244 0.0012108 0.0000000 0.0036405 0.0030328 0.0018168 0.0024248 0.0018168 0.0012110 0.0036422 0.0018166 0.0018166 0.0036431 0.0030323 0.0018169 0.0018174 0.0018169 0.0042495 0.0024244 0.0018166 0.0048646 0.0036408 0.0018169 0.0048607 0.0018169 0.0018167 
EPI_ISL_20295260 0.0036401 0.0030317 0.0036410 0.0036405 0.0030321 0.0000010 0.0048575 0.0006052 0.0036417 0.0042481 0.0036399 0.0045784 0.0036407 0.0042495 0.0048595 0.0036433 0.0048591 0.0048614 0.0036426 0.0042500 0.0036401 0.0042508 0.0042509 0.0042490 0.0030321 0.0030315 0.0030320 0.0030321 0.0024243 0.0030317 0.0036417 0.0036399 0.0036401 0.0036405 0.0000000 0.0042497 0.0030320 0.0036405 0.0030320 0.0036407 0.0000010 0.0030317 0.0042483 0.0000010 0.0042490 0.0042490 0.0030330 0.0030321 0.0006052 0.0036399 0.0042483 0.0012123 0.0048588 0.0042490 0.0012114 0.0042490 0.0042485 
EPI_ISL_20295301 0.0030324 0.0024246 0.0030339 0.0030328 0.0024249 0.0042497 0.0042490 0.0048593 0.0018178 0.0036401 0.0030323 0.0039230 0.0030329 0.0036412 0.0042508 0.0030351 0.0042503 0.0042524 0.0030345 0.0036417 0.0030324 0.0036424 0.0036425 0.0024249 0.0024249 0.0024244 0.0024248 0.0024249 0.0018169 0.0024246 0.0030337 0.0030323 0.0030324 0.0030328 0.0042497 0.0000000 0.0024248 0.0030328 0.0024248 0.0030329 0.0042517 0.0024246 0.0036403 0.0042528 0.0036408 0.0036408 0.0024256 0.0012110 0.0048593 0.0030323 0.0036403 0.0054757 0.0042501 0.0036408 0.0054714 0.0036408 0.0036404 
EPI_ISL_20295302 0.0018166 0.0012106 0.0018181 0.0018168 0.0012107 0.0030320 0.0030315 0.0036403 0.0018174 0.0024239 0.0018165 0.0026121 0.0018169 0.0024247 0.0030328 0.0018182 0.0030325 0.0030339 0.0018179 0.0024250 0.0018166 0.0024255 0.0024255 0.0024244 0.0012107 0.0012105 0.0012107 0.0012107 0.0006051 0.0012106 0.0018174 0.0018165 0.0018166 0.0018168 0.0030320 0.0024248 0.0000000 0.0006052 0.0000010 0.0018169 0.0030334 0.0012106 0.0024241 0.0030342 0.0024244 0.0024244 0.0012111 0.0012107 0.0036403 0.0018165 0.0024241 0.0042541 0.0030323 0.0024244 0.0042507 0.0024244 0.0024242 
EPI_ISL_20295304 0.0024246 0.0018166 0.0024257 0.0024248 0.0018169 0.0036405 0.0036399 0.0042495 0.0024256 0.0030317 0.0024244 0.0026121 0.0024249 0.0030326 0.0036414 0.0024267 0.0036411 0.0036428 0.0024262 0.0030330 0.0024246 0.0030336 0.0030336 0.0030323 0.0018169 0.0018165 0.0018168 0.0018169 0.0012107 0.0018166 0.0024256 0.0024244 0.0024246 0.0024248 0.0036405 0.0030328 0.0006052 0.0000000 0.0006052 0.0024249 0.0036422 0.0018166 0.0030318 0.0036431 0.0030323 0.0030323 0.0018174 0.0018169 0.0042495 0.0024244 0.0030318 0.0048646 0.0036408 0.0030323 0.0048607 0.0030323 0.0030320 
EPI_ISL_20295306 0.0018166 0.0012106 0.0018181 0.0018168 0.0012107 0.0030320 0.0030315 0.0036403 0.0018174 0.0024239 0.0018165 0.0026121 0.0018169 0.0024247 0.0030328 0.0018182 0.0030325 0.0030339 0.0018179 0.0024250 0.0018166 0.0024255 0.0024255 0.0024244 0.0012107 0.0012105 0.0012107 0.0012107 0.0006051 0.0012106 0.0018174 0.0018165 0.0018166 0.0018168 0.0030320 0.0024248 0.0000010 0.0006052 0.0000000 0.0018169 0.0030334 0.0012106 0.0024241 0.0030342 0.0024244 0.0024244 0.0012111 0.0012107 0.0036403 0.0018165 0.0024241 0.0042541 0.0030323 0.0024244 0.0042507 0.0024244 0.0024242 
EPI_ISL_20295308 0.0012109 0.0018167 0.0012118 0.0012110 0.0006052 0.0036407 0.0036401 0.0042497 0.0024258 0.0030318 0.0012108 0.0032673 0.0012111 0.0018172 0.0036416 0.0024268 0.0024252 0.0024263 0.0012117 0.0030332 0.0012109 0.0030337 0.0018178 0.0030324 0.0018170 0.0018166 0.0018169 0.0006052 0.0012108 0.0018167 0.0024257 0.0024246 0.0012109 0.0012110 0.0036407 0.0030329 0.0018169 0.0024249 0.0018169 0.0000000 0.0036424 0.0018167 0.0018167 0.0036433 0.0030324 0.0018170 0.0018175 0.0018170 0.0042497 0.0024246 0.0018167 0.0048648 0.0036410 0.0018170 0.0048610 0.0018170 0.0018168 
EPI_ISL_20295309 0.0036418 0.0030331 0.0036429 0.0036422 0.0030336 0.0000010 0.0048599 0.0006055 0.0036435 0.0042502 0.0036417 0.0045808 0.0036424 0.0042515 0.0048619 0.0036451 0.0048614 0.0048637 0.0036444 0.0042521 0.0036418 0.0042529 0.0042530 0.0042511 0.0030336 0.0030330 0.0030334 0.0030336 0.0024255 0.0030331 0.0036434 0.0036417 0.0036418 0.0036422 0.0000010 0.0042517 0.0030334 0.0036422 0.0030334 0.0036424 0.0000000 0.0030331 0.0042504 0.0000010 0.0042510 0.0042510 0.0030345 0.0030336 0.0006055 0.0036417 0.0042504 0.0012129 0.0048611 0.0042510 0.0012120 0.0042510 0.0042506 
EPI_ISL_20295313 0.0018164 0.0000010 0.0018179 0.0018166 0.0012106 0.0030317 0.0030312 0.0036399 0.0018172 0.0024237 0.0018163 0.0026118 0.0018167 0.0024244 0.0030324 0.0018180 0.0030321 0.0030336 0.0018177 0.0024248 0.0018164 0.0024252 0.0024253 0.0024242 0.0012106 0.0012104 0.0012106 0.0012106 0.0006050 0.0012104 0.0018172 0.0018163 0.0018164 0.0018166 0.0030317 0.0024246 0.0012106 0.0018166 0.0012106 0.0018167 0.0030331 0.0000000 0.0024238 0.0030339 0.0024242 0.0024242 0.0012110 0.0012106 0.0036399 0.0018163 0.0024238 0.0042536 0.0030320 0.0024242 0.0042502 0.0024242 0.0024239 
EPI_ISL_20295314 0.0006050 0.0024238 0.0006053 0.0018166 0.0012106 0.0042483 0.0042477 0.0048578 0.0030328 0.0036390 0.0018163 0.0039217 0.0018167 0.0024244 0.0042494 0.0030342 0.0030321 0.0030336 0.0018177 0.0036406 0.0018164 0.0036413 0.0024253 0.0036397 0.0024242 0.0024237 0.0024241 0.0012106 0.0018163 0.0024238 0.0030328 0.0030313 0.0006050 0.0018166 0.0042483 0.0036403 0.0024241 0.0030318 0.0024241 0.0018167 0.0042504 0.0024238 0.0000000 0.0042514 0.0036397 0.0024242 0.0024249 0.0024242 0.0048578 0.0030313 0.0012104 0.0054740 0.0042488 0.0012106 0.0054696 0.0024242 0.0012105 
EPI_ISL_20295315 0.0036427 0.0030339 0.0036439 0.0036431 0.0030343 0.0000010 0.0048611 0.0006057 0.0036444 0.0042512 0.0036426 0.0045784 0.0036433 0.0042526 0.0048631 0.0036460 0.0048626 0.0048649 0.0036453 0.0042531 0.0036427 0.0042539 0.0042540 0.0042521 0.0030343 0.0030337 0.0030342 0.0030343 0.0024261 0.0030339 0.0036443 0.0036426 0.0036427 0.0036431 0.0000010 0.0042528 0.0030342 0.0036431 0.0030342 0.0036433 0.0000010 0.0030339 0.0042514 0.0000000 0.0042521 0.0042521 0.0030352 0.0030343 0.0006057 0.0036426 0.0042514 0.0012132 0.0048623 0.0042521 0.0012123 0.0042521 0.0042516 
EPI_ISL_20295317 0.0030320 0.0024242 0.0030334 0.0030323 0.0024246 0.0042490 0.0042483 0.0048585 0.0030333 0.0036395 0.0030318 0.0039223 0.0030324 0.0036407 0.0042501 0.0030346 0.0042497 0.0042517 0.0030341 0.0036411 0.0030320 0.0036418 0.0036419 0.0036403 0.0024246 0.0024241 0.0024244 0.0024246 0.0018166 0.0024242 0.0030333 0.0030318 0.0030320 0.0030323 0.0042490 0.0036408 0.0024244 0.0030323 0.0024244 0.0030324 0.0042510 0.0024242 0.0036397 0.0042521 0.0000000 0.0036403 0.0024253 0.0024246 0.0048585 0.0030318 0.0036397 0.0054748 0.0042494 0.0036403 0.0054705 0.0036403 0.0036399 
EPI_ISL_20295320 0.0018167 0.0024242 0.0018182 0.0018169 0.0012108 0.0042490 0.0042483 0.0048585 0.0030333 0.0036395 0.0018166 0.0039223 0.0018170 0.0024248 0.0042501 0.0030346 0.0030326 0.0006056 0.0018180 0.0036411 0.0018167 0.0036418 0.0024256 0.0036403 0.0024246 0.0024241 0.0024244 0.0012108 0.0018166 0.0024242 0.0030333 0.0030318 0.0018167 0.0018169 0.0042490 0.0036408 0.0024244 0.0030323 0.0024244 0.0018170 0.0042510 0.0024242 0.0024242 0.0042521 0.0036403 0.0000000 0.0024253 0.0024246 0.0048585 0.0030318 0.0024242 0.0054748 0.0042494 0.0024245 0.0054705 0.0000010 0.0024243 
EPI_ISL_20295325 0.0018172 0.0012110 0.0018188 0.0018174 0.0012112 0.0030330 0.0030325 0.0036415 0.0018181 0.0024248 0.0018172 0.0026130 0.0018175 0.0024255 0.0030338 0.0018189 0.0030335 0.0030349 0.0018185 0.0024258 0.0018172 0.0024263 0.0024263 0.0024253 0.0012112 0.0012109 0.0012111 0.0012112 0.0006053 0.0012110 0.0018180 0.0018172 0.0018172 0.0018174 0.0030330 0.0024256 0.0012111 0.0018174 0.0012111 0.0018175 0.0030345 0.0012110 0.0024249 0.0030352 0.0024253 0.0024253 0.0000000 0.0012112 0.0036415 0.0018172 0.0024249 0.0042555 0.0030333 0.0024253 0.0042521 0.0024253 0.0024250 
EPI_ISL_20295326 0.0018167 0.0012106 0.0018182 0.0018169 0.0012108 0.0030321 0.0030317 0.0036405 0.0006054 0.0024241 0.0018166 0.0026122 0.0018170 0.0024248 0.0030329 0.0018183 0.0030326 0.0030341 0.0018180 0.0024251 0.0018167 0.0024256 0.0024256 0.0024246 0.0012108 0.0012106 0.0012107 0.0012108 0.0006051 0.0012106 0.0018175 0.0018166 0.0018167 0.0018169 0.0030321 0.0012110 0.0012107 0.0018169 0.0012107 0.0018170 0.0030336 0.0012106 0.0024242 0.0030343 0.0024246 0.0024246 0.0012112 0.0000000 0.0036405 0.0018166 0.0024242 0.0042543 0.0030324 0.0024246 0.0042509 0.0024246 0.0024243 
EPI_ISL_20295327 0.0042490 0.0036399 0.0042511 0.0042495 0.0036405 0.0006052 0.0054675 0.0000010 0.0042509 0.0048575 0.0042488 0.0052354 0.0042497 0.0048591 0.0054698 0.0042528 0.0054692 0.0054718 0.0042519 0.0048597 0.0042490 0.0048606 0.0048607 0.0048585 0.0036405 0.0036397 0.0036403 0.0036405 0.0030320 0.0036399 0.0042508 0.0042488 0.0042490 0.0042495 0.0006052 0.0048593 0.0036403 0.0042495 0.0036403 0.0042497 0.0006055 0.0036399 0.0048578 0.0006057 0.0048585 0.0048585 0.0036415 0.0036405 0.0000000 0.0042488 0.0048578 0.0018192 0.0054689 0.0048585 0.0006055 0.0048585 0.0048580 
EPI_ISL_20295330 0.0024242 0.0018163 0.0024253 0.0024244 0.0018166 0.0036399 0.0036393 0.0042488 0.0024253 0.0006050 0.0024241 0.0032666 0.0024246 0.0030321 0.0036408 0.0024263 0.0036405 0.0036422 0.0024258 0.0030325 0.0024242 0.0030331 0.0030332 0.0030318 0.0018166 0.0018162 0.0018165 0.0018166 0.0012106 0.0018163 0.0024252 0.0024241 0.0024242 0.0024244 0.0036399 0.0030323 0.0018165 0.0024244 0.0018165 0.0024246 0.0036417 0.0018163 0.0030313 0.0036426 0.0030318 0.0030318 0.0018172 0.0018166 0.0042488 0.0000000 0.0030313 0.0048638 0.0036403 0.0030318 0.0048599 0.0030318 0.0030315 
EPI_ISL_20295332 0.0006050 0.0024238 0.0000029 0.0018166 0.0012106 0.0042483 0.0042477 0.0048578 0.0030328 0.0024237 0.0018163 0.0039217 0.0018167 0.0024244 0.0042494 0.0030342 0.0030321 0.0030336 0.0018177 0.0036406 0.0018164 0.0036413 0.0024253 0.0036397 0.0024242 0.0024237 0.0024241 0.0012106 0.0018163 0.0024238 0.0030328 0.0030313 0.0006050 0.0018166 0.0042483 0.0036403 0.0024241 0.0030318 0.0024241 0.0018167 0.0042504 0.0024238 0.0012104 0.0042514 0.0036397 0.0024242 0.0024249 0.0024242 0.0048578 0.0030313 0.0000000 0.0054740 0.0042488 0.0012106 0.0054696 0.0024242 0.0012105 
EPI_ISL_20295333 0.0048640 0.0042536 0.0048664 0.0048646 0.0042543 0.0012123 0.0060848 0.0018192 0.0048662 0.0054737 0.0048638 0.0059003 0.0048648 0.0054754 0.0060874 0.0048683 0.0060868 0.0060897 0.0048674 0.0054762 0.0048640 0.0054772 0.0054773 0.0054748 0.0036444 0.0042534 0.0042541 0.0042543 0.0036444 0.0042536 0.0048661 0.0048638 0.0048640 0.0048646 0.0012123 0.0054757 0.0042541 0.0048646 0.0042541 0.0048648 0.0012129 0.0042536 0.0054740 0.0012132 0.0054748 0.0054748 0.0042555 0.0042543 0.0018192 0.0048638 0.0054740 0.0000000 0.0060864 0.0054748 0.0024287 0.0054748 0.0054742 
EPI_ISL_20295365 0.0036404 0.0030320 0.0036414 0.0036408 0.0030324 0.0048588 0.0048580 0.0054689 0.0036421 0.0042486 0.0036403 0.0045789 0.0024250 0.0042499 0.0048600 0.0036437 0.0048595 0.0048619 0.0036430 0.0042504 0.0036404 0.0042512 0.0042513 0.0042494 0.0030324 0.0030318 0.0030323 0.0030324 0.0024246 0.0030320 0.0036420 0.0036403 0.0036404 0.0036408 0.0048588 0.0042501 0.0030323 0.0036408 0.0030323 0.0036410 0.0048611 0.0030320 0.0042488 0.0048623 0.0042494 0.0042494 0.0030333 0.0030324 0.0054689 0.0036403 0.0042488 0.0060864 0.0000000 0.0042494 0.0060816 0.0042494 0.0042490 
EPI_ISL_20295369 0.0006051 0.0024242 0.0006054 0.0018169 0.0012108 0.0042490 0.0042483 0.0048585 0.0030333 0.0036395 0.0018166 0.0039223 0.0018170 0.0024248 0.0042501 0.0030346 0.0030326 0.0030341 0.0018180 0.0036411 0.0018167 0.0036418 0.0024256 0.0036403 0.0024246 0.0024241 0.0024244 0.0012108 0.0018166 0.0024242 0.0030333 0.0030318 0.0006051 0.0018169 0.0042490 0.0036408 0.0024244 0.0030323 0.0024244 0.0018170 0.0042510 0.0024242 0.0012106 0.0042521 0.0036403 0.0024245 0.0024253 0.0024246 0.0048585 0.0030318 0.0012106 0.0054748 0.0042494 0.0000000 0.0054705 0.0024245 0.0012107 
EPI_ISL_20295378 0.0048602 0.0042502 0.0048626 0.0048607 0.0042509 0.0012114 0.0060800 0.0006055 0.0048624 0.0054694 0.0048599 0.0058953 0.0048610 0.0054711 0.0060825 0.0048645 0.0060819 0.0060848 0.0048636 0.0054718 0.0048602 0.0054728 0.0054730 0.0054705 0.0042509 0.0042500 0.0042507 0.0042509 0.0036415 0.0042502 0.0048623 0.0048599 0.0048602 0.0048607 0.0012114 0.0054714 0.0042507 0.0048607 0.0042507 0.0048610 0.0012120 0.0042502 0.0054696 0.0012123 0.0054705 0.0054705 0.0042521 0.0042509 0.0006055 0.0048599 0.0054696 0.0024287 0.0060816 0.0054705 0.0000000 0.0054705 0.0054699 
EPI_ISL_20295379 0.0018167 0.0024242 0.0018182 0.0018169 0.0012108 0.0042490 0.0042483 0.0048585 0.0030333 0.0036395 0.0018166 0.0039223 0.0018170 0.0024248 0.0042501 0.0030346 0.0030326 0.0006056 0.0018180 0.0036411 0.0018167 0.0036418 0.0024256 0.0036403 0.0024246 0.0024241 0.0024244 0.0012108 0.0018166 0.0024242 0.0030333 0.0030318 0.0018167 0.0018169 0.0042490 0.0036408 0.0024244 0.0030323 0.0024244 0.0018170 0.0042510 0.0024242 0.0024242 0.0042521 0.0036403 0.0000010 0.0024253 0.0024246 0.0048585 0.0030318 0.0024242 0.0054748 0.0042494 0.0024245 0.0054705 0.0000000 0.0024243 
EPI_ISL_20295380 0.0006051 0.0024239 0.0006053 0.0018167 0.0012107 0.0042485 0.0042479 0.0048580 0.0030330 0.0036391 0.0018164 0.0039219 0.0018168 0.0024245 0.0042496 0.0030343 0.0030323 0.0030337 0.0018178 0.0036408 0.0018165 0.0036414 0.0024254 0.0036399 0.0024243 0.0024238 0.0024242 0.0012107 0.0018164 0.0024239 0.0030329 0.0030315 0.0006051 0.0018167 0.0042485 0.0036404 0.0024242 0.0030320 0.0024242 0.0018168 0.0042506 0.0024239 0.0012105 0.0042516 0.0036399 0.0024243 0.0024250 0.0024243 0.0048580 0.0030315 0.0012105 0.0054742 0.0042490 0.0012107 0.0054699 0.0024243 0.0000000 
